toilet paper [[8], [20], [31], [42], [56], [66], [76], [87], [100], [110], [122], [133], [144], [156], [166], [177], [189], [199], [211], [217], [225], [241], [254], [265], [277], [287], [299], [309], [321], [332], [342], [353], [363]]
paper towel [[7], [18], [30], [40], [55], [63], [75], [86], [97], [108], [119], [130], [142], [153], [164], [174], [186], [197], [208], [215], [236], [252], [263], [275], [286], [296], [307], [319], [330], [341], [352], [360]]
cleaner [[7], [20], [32], [44], [58], [68], [78], [92], [103], [115], [127], [139], [151], [163], [174], [187], [198], [210], [217], [225], [243], [254], [266], [278], [290], [301], [312], [325], [335], [347]]
plastic bags [[6], [16], [28], [38], [53], [61], [72], [82], [94], [104], [116], [127], [138], [150], [160], [171], [182], [195], [205], [214], [221], [230], [252], [262], [273], [285], [295], [305], [317], [328], [338], [350], [358]]
light bulbs [[8], [20], [31], [42], [56], [65], [76], [87], [100], [110], [122], [132], [143], [155], [166], [176], [189], [199], [211], [217], [225], [241], [254], [265], [277], [287], [299], [309], [321], [332], [342], [353], [362]]
box cutters [[17], [29], [39], [54], [62], [73], [84], [95], [105], [117], [128], [140], [151], [162], [173], [184], [196], [206], [222], [233], [252], [263], [274], [285], [295], [306], [318], [329], [339], [350], [358]]
office chair [[7], [20], [32], [44], [58], [68], [78], [92], [103], [115], [127], [139], [151], [163], [174], [187], [198], [210], [217], [225], [243], [254], [266], [278], [290], [301], [312], [325], [335], [347]]
pens [[7], [19], [30], [40], [55], [63], [75], [86], [97], [108], [119], [130], [141], [153], [164], [174], [186], [197], [208], [215], [236], [252], [263], [274], [285], [296], [306], [318], [329], [339], [350], [358]]
printer paper [[7], [19], [30], [41], [55], [64], [86], [99], [109], [120], [131], [143], [154], [165], [175], [188], [198], [209], [216], [223], [238], [253], [263], [275], [286], [297], [308], [319], [330], [341], [352], [360]]
blank badges [[6], [17], [29], [39], [54], [62], [73], [84], [95], [105], [117], [127], [138], [150], [161], [172], [183], [195], [206], [214], [221], [230], [252], [263], [274], [285], [295], [306], [318], [328], [338], [350], [358]]
scanner batt [[7], [19], [30], [41], [55], [65], [76], [87], [100], [110], [122], [133], [145], [156], [167], [178], [190], [201], [219], [247], [258], [270], [280], [292], [303], [315], [327], [337], [349], [357]]
meat trays [[7], [19], [30], [40], [55], [63], [75], [85], [97], [108], [119], [129], [141], [152], [164], [174], [186], [197], [207], [215], [222], [234], [252], [263], [274], [285], [295], [306], [318], [329], [339], [350], [358]]
produce bags [[8], [20], [31], [41], [55], [65], [76], [87], [99], [109], [120], [131], [143], [154], [165], [175], [188], [198], [209], [216], [223], [237], [253], [264], [276], [286], [297], [308], [319], [331], [341], [352], [361]]
soap [[10], [21], [32], [44], [56], [66], [76], [87], [100], [110], [122], [132], [144], [156], [166], [176], [189], [199], [211], [217], [225], [241], [254], [265], [277], [287], [299], [309], [321], [332], [342], [353], [363]]
