toilet paper [[7], [19], [30], [41], [51], [63], [74], [85], [96], [107], [119], [129], [141], [153], [165], [175], [187], [198], [209], [216], [223], [238], [253], [263], [275], [286], [297], [308], [319], [331], [342], [352], [361]]
paper towel [[7], [19], [30], [40], [51], [62], [73], [84], [95], [106], [118], [128], [140], [151], [163], [173], [185], [196], [207], [215], [222], [234], [252], [263], [274], [285], [296], [307], [318], [330], [340], [351], [359]]
cleaner [[7], [20], [31], [44], [54], [68], [78], [91], [102], [113], [126], [136], [149], [161], [172], [184], [197], [208], [223], [237], [254], [266], [278], [290], [301], [312], [325], [335], [347]]
plastic bags [[6], [17], [28], [39], [48], [61], [71], [81], [93], [104], [116], [127], [137], [149], [159], [171], [182], [194], [205], [214], [221], [230], [251], [262], [272], [284], [294], [305], [317], [327], [338], [349], [357]]
light bulbs [[7], [19], [30], [41], [52], [63], [74], [85], [96], [107], [118], [129], [141], [152], [164], [174], [186], [197], [208], [215], [236], [253], [263], [275], [286], [297], [308], [319], [330], [341], [352], [360]]
box cutters [[8], [20], [31], [42], [52], [63], [75], [85], [97], [108], [119], [129], [141], [153], [164], [174], [186], [197], [208], [215], [236], [252], [263], [274], [285], [296], [307], [318], [329], [339], [350], [358]]
office chair [[20], [31], [57], [70], [82], [95], [107], [119], [132], [144], [157], [170], [182], [196], [207], [223], [239], [255], [268], [279], [293], [304], [317], [330], [341], [353], [364]]
pens [[10], [21], [31], [43], [53], [64], [86], [98], [109], [120], [131], [142], [153], [165], [174], [187], [198], [208], [215], [236], [252], [263], [274], [285], [296], [306], [318], [329], [339], [350], [358]]
printer paper [[15], [26], [38], [47], [60], [71], [82], [94], [104], [117], [127], [139], [151], [162], [173], [185], [197], [207], [215], [236], [253], [264], [276], [287], [299], [309], [321], [332], [343], [354]]
blank badges [[7], [19], [30], [40], [51], [62], [73], [84], [95], [105], [117], [127], [138], [150], [161], [172], [183], [195], [206], [214], [221], [230], [252], [263], [274], [285], [295], [306], [318], [328], [338], [350], [358]]
scanner batt [[15], [26], [38], [47], [60], [71], [82], [94], [104], [117], [128], [140], [151], [164], [174], [186], [198], [209], [216], [223], [238], [253], [264], [276], [287], [299], [310], [322], [333], [343]]
meat trays [[11], [22], [33], [44], [55], [67], [77], [88], [100], [110], [122], [132], [143], [155], [166], [176], [188], [199], [210], [216], [224], [238], [254], [264], [276], [286], [297], [308], [319], [331], [341], [352], [360]]
produce bags [[10], [21], [31], [43], [53], [65], [76], [87], [99], [109], [121], [131], [143], [154], [165], [175], [188], [198], [210], [216], [223], [238], [253], [263], [275], [286], [297], [308], [319], [331], [341], [352], [360]]
soap [[9], [21], [31], [43], [53], [64], [76], [87], [99], [109], [121], [132], [143], [155], [166], [176], [189], [199], [211], [217], [225], [241], [254], [265], [277], [287], [299], [310], [321], [332], [343], [353], [364]]
