toilet paper [[8], [20], [31], [42], [56], [66], [76], [87], [100], [110], [122], [133], [144], [156], [166], [177], [189], [199], [211], [217], [225], [241], [254], [265], [277], [287], [299], [309], [321], [332], [342], [353], [363]]
paper towel [[8], [20], [31], [42], [56], [65], [76], [87], [99], [109], [120], [131], [143], [154], [165], [175], [187], [198], [209], [216], [223], [237], [253], [263], [275], [286], [297], [308], [319], [330], [341], [352], [360]]
cleaner [[20], [32], [49], [60], [71], [83], [96], [108], [121], [133], [146], [158], [171], [183], [197], [209], [216], [224], [242], [255], [268], [280], [293], [304], [318], [330], [342], [353], [364]]
plastic bags [[7], [18], [30], [39], [54], [63], [74], [84], [95], [106], [118], [128], [140], [151], [163], [173], [184], [196], [206], [222], [232], [253], [263], [275], [285], [296], [307], [318], [329], [339], [350], [358]]
light bulbs [[8], [20], [31], [42], [56], [65], [76], [87], [100], [110], [122], [132], [143], [155], [166], [176], [189], [199], [211], [217], [225], [241], [254], [265], [277], [287], [299], [309], [321], [332], [342], [353], [362]]
box cutters [[7], [18], [30], [40], [55], [63], [75], [85], [97], [108], [119], [129], [141], [153], [164], [174], [186], [197], [207], [215], [222], [234], [253], [263], [274], [285], [296], [307], [318], [329], [339], [350], [358]]
office chair [[20], [32], [49], [60], [71], [83], [96], [108], [121], [133], [146], [158], [171], [183], [197], [209], [216], [224], [242], [255], [268], [280], [293], [304], [318], [330], [342], [353], [364]]
pens [[9], [21], [32], [43], [56], [65], [76], [87], [99], [109], [121], [132], [143], [154], [165], [175], [187], [198], [209], [216], [223], [237], [253], [263], [275], [286], [297], [308], [319], [330], [341], [352], [360]]
printer paper [[7], [19], [30], [41], [55], [64], [86], [99], [109], [120], [131], [143], [154], [165], [175], [188], [198], [209], [216], [223], [238], [253], [263], [275], [286], [297], [308], [319], [330], [341], [352], [360]]
blank badges [[10], [21], [32], [43], [56], [65], [76], [87], [99], [109], [121], [132], [143], [154], [165], [175], [187], [198], [209], [216], [223], [237], [253], [263], [275], [286], [296], [307], [318], [329], [339], [351], [358]]
scanner batt [[8], [20], [31], [42], [57], [67], [77], [89], [101], [111], [124], [134], [146], [157], [168], [179], [191], [203], [213], [228], [248], [260], [271], [283], [294], [304], [317], [327], [338], [350], [358]]
meat trays [[11], [22], [33], [45], [56], [65], [76], [87], [99], [109], [121], [131], [143], [154], [165], [175], [187], [198], [208], [215], [236], [252], [263], [274], [285], [295], [306], [318], [329], [338], [350], [358]]
produce bags [[10], [21], [32], [43], [57], [67], [77], [88], [101], [110], [123], [133], [144], [156], [167], [177], [189], [200], [212], [218], [226], [244], [254], [266], [277], [287], [299], [309], [321], [332], [342], [353], [363]]
soap [[11], [22], [33], [46], [56], [65], [76], [87], [100], [110], [122], [132], [143], [155], [166], [176], [189], [199], [211], [217], [225], [241], [254], [265], [276], [287], [299], [309], [320], [331], [342], [353], [362]]
