toilet paper [[7], [19], [30], [41], [51], [63], [74], [85], [96], [107], [119], [129], [141], [153], [165], [175], [187], [198], [209], [216], [223], [238], [253], [263], [275], [286], [297], [308], [319], [331], [342], [352], [361]]
paper towel [[7], [19], [30], [41], [51], [63], [74], [84], [95], [106], [118], [129], [140], [152], [164], [174], [185], [197], [207], [215], [222], [234], [253], [263], [275], [286], [297], [308], [319], [330], [341], [352], [360]]
cleaner [[7], [20], [31], [44], [54], [68], [78], [91], [102], [113], [126], [136], [149], [161], [172], [184], [197], [208], [223], [237], [254], [266], [278], [290], [301], [312], [325], [335], [347]]
plastic bags [[7], [18], [29], [40], [50], [62], [72], [83], [94], [104], [117], [127], [138], [150], [160], [171], [182], [194], [205], [214], [221], [230], [252], [262], [273], [284], [295], [305], [317], [328], [338], [349], [357]]
light bulbs [[10], [21], [32], [44], [54], [66], [76], [87], [100], [110], [122], [133], [144], [156], [166], [177], [189], [199], [211], [217], [225], [242], [254], [264], [276], [287], [298], [309], [320], [331], [342], [353], [362]]
box cutters [[10], [21], [32], [44], [54], [66], [76], [87], [100], [110], [122], [133], [144], [156], [166], [176], [189], [199], [211], [217], [225], [241], [254], [265], [276], [287], [298], [309], [320], [331], [342], [353], [362]]
office chair [[12], [23], [36], [46], [59], [71], [82], [95], [106], [119], [130], [143], [155], [167], [178], [191], [203], [213], [220], [229], [252], [263], [276], [287], [300], [311], [324], [335], [346], [356]]
pens [[7], [18], [29], [40], [50], [62], [73], [83], [94], [104], [117], [127], [138], [150], [160], [171], [183], [195], [206], [214], [221], [230], [252], [262], [273], [285], [295], [306], [318], [328], [338], [350], [358]]
printer paper [[15], [26], [38], [47], [60], [71], [82], [94], [104], [117], [127], [139], [151], [162], [173], [185], [197], [207], [215], [236], [253], [264], [276], [287], [299], [309], [321], [332], [343], [354]]
blank badges [[6], [17], [28], [39], [49], [61], [71], [81], [93], [104], [116], [127], [137], [149], [160], [171], [182], [194], [205], [214], [221], [230], [251], [262], [273], [284], [295], [305], [317], [327], [338], [349], [357]]
scanner batt [[8], [20], [31], [42], [53], [64], [76], [87], [99], [110], [122], [133], [144], [156], [167], [178], [190], [201], [219], [247], [258], [270], [281], [292], [303], [315], [327], [349], [357]]
meat trays [[7], [19], [30], [40], [51], [62], [73], [83], [95], [105], [117], [127], [138], [150], [160], [171], [183], [195], [206], [214], [221], [230], [252], [262], [273], [285], [295], [306], [317], [328], [338], [350], [358]]
produce bags [[8], [20], [30], [41], [52], [63], [74], [85], [96], [107], [118], [129], [141], [152], [164], [174], [185], [197], [207], [215], [222], [234], [253], [263], [275], [286], [296], [307], [319], [330], [340]]
soap [[9], [21], [31], [43], [53], [64], [76], [87], [99], [109], [121], [132], [143], [155], [166], [176], [189], [199], [211], [217], [225], [241], [254], [265], [277], [287], [299], [310], [321], [332], [343], [353], [364]]
