toilet paper [[11], [22], [34], [46], [56], [66], [76], [87], [100], [110], [122], [133], [144], [156], [167], [177], [190], [200], [212], [218], [226], [244], [255], [267], [278], [289], [300], [310], [323], [333], [344], [355]]
paper towel [[7], [18], [30], [40], [55], [63], [75], [86], [97], [108], [119], [130], [142], [153], [164], [174], [186], [197], [208], [215], [236], [252], [263], [275], [286], [296], [307], [319], [330], [341], [352], [360]]
cleaner [[12], [23], [37], [52], [61], [73], [84], [96], [108], [120], [132], [144], [157], [168], [180], [192], [205], [214], [221], [231], [254], [266], [278], [290], [302], [312], [326], [336], [348], [357]]
plastic bags [[6], [17], [29], [39], [53], [62], [73], [83], [94], [105], [117], [127], [138], [150], [160], [171], [182], [195], [205], [214], [221], [230], [252], [262], [273], [285], [295], [305], [317], [328], [338], [350], [358]]
light bulbs [[11], [22], [33], [46], [56], [65], [76], [87], [100], [110], [122], [132], [143], [155], [166], [176], [189], [199], [211], [217], [225], [241], [254], [265], [276], [287], [299], [309], [320], [331], [342], [353], [362]]
box cutters [[7], [18], [30], [39], [54], [63], [75], [85], [97], [108], [119], [129], [141], [153], [164], [174], [186], [197], [208], [215], [236], [252], [263], [274], [285], [296], [307], [318], [329], [339], [350], [358]]
office chair [[20], [32], [49], [60], [71], [83], [96], [108], [121], [133], [146], [158], [171], [183], [197], [209], [216], [224], [242], [255], [268], [280], [293], [304], [318], [330], [342], [353], [364]]
pens [[7], [18], [30], [40], [54], [63], [74], [84], [96], [106], [118], [129], [140], [151], [163], [173], [185], [196], [207], [222], [232], [253], [263], [275], [286], [296], [307], [318], [330], [340], [351], [359]]
printer paper [[11], [22], [34], [47], [57], [67], [77], [89], [101], [111], [123], [134], [146], [157], [168], [179], [191], [203], [213], [228], [248], [260], [271], [283], [294], [304], [317], [327], [338], [350], [358]]
blank badges [[11], [22], [33], [45], [56], [65], [76], [87], [99], [109], [121], [131], [143], [154], [165], [175], [187], [198], [209], [216], [223], [237], [253], [263], [275], [286], [296], [307], [319], [330], [340], [351], [359]]
scanner batt [[7], [19], [30], [41], [55], [65], [76], [87], [100], [110], [122], [133], [145], [156], [167], [178], [190], [201], [219], [247], [258], [270], [280], [292], [303], [315], [327], [337], [349], [357]]
meat trays [[12], [22], [34], [46], [56], [65], [76], [87], [99], [109], [120], [131], [143], [154], [165], [175], [187], [198], [208], [215], [236], [252], [263], [274], [285], [295], [306], [318], [329], [338], [350], [358]]
produce bags [[11], [22], [34], [47], [56], [66], [76], [87], [100], [110], [122], [133], [144], [156], [166], [177], [189], [200], [212], [218], [226], [244], [254], [266], [277], [287], [299], [309], [321], [332], [343], [353], [363]]
soap [[9], [21], [32], [43], [57], [67], [77], [88], [101], [111], [123], [133], [145], [157], [167], [178], [190], [201], [219], [246], [258], [269], [280], [292], [302], [313], [325], [335], [346], [356]]
wrenches [[10], [22], [35], [49], [59], [70], [81], [94], [105], [118], [129], [142], [154], [166], [177], [190], [202], [213], [220], [229], [251], [263], [275], [287], [299], [310], [323], [334], [345], [356]]
water bottles [[5], [16], [28], [38], [52], [61], [71], [81], [93], [104], [116], [127], [137], [149], [160], [171], [182], [194], [205], [214], [221], [230], [251], [262], [273], [284], [295], [305], [317], [327], [338], [349], [357]]
keyboards [[12], [23], [35], [49], [59], [70], [79], [92], [103], [115], [127], [138], [150], [162], [172], [184], [196], [207], [215], [222], [234], [253], [264], [276], [287], [299], [309], [322], [332], [343], [354]]
photo paper [[12], [23], [34], [48], [57], [66], [76], [87], [100], [110], [122], [132], [143], [155], [166], [175], [188], [199], [210], [216], [223], [238], [253], [263], [275], [286], [296], [307], [318], [329], [339], [350], [358]]
plastic wrap [[7], [18], [30], [39], [54], [63], [74], [85], [96], [107], [118], [129], [141], [152], [164], [174], [185], [197], [207], [215], [222], [234], [252], [263], [274], [285], [296], [307], [318], [329], [339], [350], [358]]
