toilet paper [[11], [23], [34], [46], [57], [69], [80], [91], [103], [114], [125], [137], [148], [160], [171], [182], [194], [207], [215], [221], [227], [235], [246], [258], [270], [282], [293], [305], [316], [328], [338], [349], [356]]
paper towel [[7], [19], [31], [42], [53], [64], [87], [98], [109], [120], [131], [143], [154], [166], [177], [188], [201], [212], [218], [223], [229], [240], [251], [263], [275], [286], [298], [309], [320], [331], [342], [352], [360]]
cleaner [[8], [20], [33], [45], [56], [68], [80], [91], [116], [128], [139], [152], [164], [175], [187], [200], [212], [218], [242], [254], [266], [278], [291], [303], [314], [327], [338], [348], [356]]
plastic bags [[10], [21], [33], [44], [55], [67], [76], [88], [100], [110], [122], [132], [144], [155], [167], [178], [189], [201], [212], [218], [223], [229], [240], [251], [263], [274], [286], [298], [308], [320], [331], [341], [352], [358]]
light bulbs [[8], [20], [32], [43], [54], [66], [76], [88], [100], [110], [122], [132], [145], [156], [167], [179], [190], [202], [213], [219], [224], [230], [242], [253], [265], [277], [289], [300], [312], [323], [334], [345], [354], [361]]
box cutters [[9], [20], [32], [44], [54], [66], [76], [88], [100], [110], [122], [132], [144], [155], [167], [178], [189], [201], [213], [218], [224], [241], [252], [264], [276], [287], [299], [310], [321], [332], [342], [353], [360]]
office chair [[8], [20], [33], [45], [56], [68], [80], [91], [116], [128], [139], [152], [164], [175], [187], [200], [212], [218], [242], [254], [266], [278], [291], [303], [314], [327], [338], [348], [356]]
pens [[7], [19], [31], [42], [53], [64], [87], [98], [109], [120], [131], [143], [154], [166], [176], [188], [200], [211], [217], [223], [229], [239], [250], [262], [273], [285], [297], [307], [319], [331], [341], [351], [358]]
printer paper [[15], [27], [40], [51], [62], [75], [85], [97], [108], [119], [131], [143], [155], [167], [178], [190], [202], [213], [219], [225], [230], [243], [255], [266], [279], [291], [303], [314], [326], [337], [347]]
blank badges [[10], [21], [33], [45], [55], [67], [76], [89], [100], [110], [122], [132], [144], [155], [167], [178], [189], [201], [213], [218], [224], [241], [252], [264], [276], [287], [299], [309], [321], [332], [342], [352], [360]]
scanner batt [[9], [20], [32], [44], [55], [67], [77], [89], [102], [111], [124], [135], [146], [159], [181], [193], [205], [221], [227], [234], [245], [257], [270], [281], [293], [305], [316], [328], [338], [349], [356]]
meat trays [[7], [19], [30], [41], [53], [64], [87], [98], [109], [120], [131], [142], [153], [166], [176], [188], [200], [211], [217], [223], [229], [238], [250], [262], [273], [285], [296], [307], [319], [330], [340], [350], [357]]
produce bags [[7], [19], [31], [42], [53], [65], [87], [98], [109], [120], [131], [143], [154], [166], [177], [188], [201], [212], [218], [223], [229], [240], [251], [263], [275], [286], [298], [309], [320], [332], [342], [352], [360]]
soap [[11], [23], [34], [46], [57], [68], [79], [90], [102], [112], [124], [135], [146], [159], [170], [181], [193], [204], [214], [220], [226], [232], [244], [256], [267], [279], [291], [302], [313], [325], [335], [346], [355], [363]]
