toilet paper [[13], [26], [37], [48], [60], [72], [82], [95], [104], [117], [139], [151], [163], [174], [186], [198], [209], [216], [229], [238], [250], [263], [274], [286], [298], [309], [321], [332], [342], [353], [360]]
paper towel [[11], [23], [34], [46], [57], [69], [80], [91], [103], [113], [125], [136], [147], [159], [171], [182], [194], [206], [221], [234], [245], [257], [269], [280], [292], [304], [314], [327], [337], [348]]
cleaner [[20], [33], [46], [59], [72], [83], [96], [108], [121], [133], [146], [159], [172], [185], [198], [210], [217], [223], [243], [256], [269], [282], [294], [307], [320], [332], [344], [363]]
plastic bags [[11], [22], [34], [45], [56], [68], [78], [89], [101], [111], [123], [133], [145], [157], [168], [179], [190], [202], [213], [219], [224], [230], [241], [252], [264], [276], [287], [299], [310], [321], [332], [342], [353], [360]]
light bulbs [[11], [22], [34], [45], [56], [68], [78], [90], [102], [112], [124], [135], [146], [158], [170], [180], [193], [204], [214], [220], [226], [232], [244], [256], [267], [279], [291], [302], [313], [325], [335], [346], [355], [363]]
box cutters [[18], [29], [41], [52], [63], [75], [85], [97], [107], [118], [130], [141], [153], [165], [175], [187], [198], [209], [216], [229], [238], [250], [262], [273], [285], [297], [307], [319], [330], [340], [351], [357]]
office chair [[8], [20], [33], [45], [56], [68], [80], [91], [116], [128], [139], [152], [164], [175], [187], [200], [212], [218], [242], [254], [266], [278], [291], [303], [314], [327], [338], [348], [356]]
pens [[8], [19], [31], [42], [54], [65], [87], [98], [109], [120], [131], [143], [154], [166], [176], [188], [200], [211], [217], [223], [229], [239], [250], [262], [273], [285], [297], [307], [319], [331], [341], [351], [358]]
printer paper [[8], [20], [32], [43], [54], [66], [76], [88], [99], [110], [121], [132], [144], [155], [167], [178], [189], [201], [213], [218], [224], [241], [252], [264], [276], [287], [299], [310], [321], [333], [343], [353], [360]]
blank badges [[14], [26], [37], [48], [60], [71], [81], [93], [115], [126], [137], [149], [160], [171], [182], [194], [206], [221], [226], [233], [244], [257], [268], [279], [291], [303], [313], [325], [335], [346], [355], [363]]
scanner batt [[7], [19], [31], [43], [54], [66], [76], [89], [101], [111], [123], [134], [146], [158], [170], [181], [193], [205], [221], [227], [234], [245], [258], [270], [281], [293], [305], [316], [328], [339], [349], [357]]
meat trays [[12], [24], [35], [46], [58], [69], [80], [91], [103], [113], [124], [135], [146], [158], [170], [180], [192], [203], [214], [220], [225], [231], [243], [254], [265], [277], [289], [300], [311], [322], [334], [344], [353], [361]]
produce bags [[8], [20], [32], [43], [54], [66], [76], [88], [99], [110], [121], [132], [144], [155], [167], [178], [189], [201], [213], [218], [224], [241], [252], [264], [276], [287], [299], [310], [321], [333], [343], [353], [360]]
soap [[9], [20], [32], [44], [55], [67], [76], [89], [100], [110], [122], [133], [145], [156], [168], [179], [190], [202], [213], [219], [224], [230], [242], [253], [265], [277], [289], [300], [311], [323], [334], [344], [354], [361]]
