toilet paper [[6, 32, 19], [19, 10, 19], [30, 31, 19], [41, 35, 19], [53, 22, 19], [64, 34, 19], [87, 32, 19], [98, 36, 19], [109, 31, 19], [121, 24, 19], [132, 9, 19], [144, 15, 19], [155, 27, 19], [167, 12, 19], [178, 25, 19], [189, 29, 19], [201, 26, 19], [213, 9, 38], [218, 30, 38], [224, 12, 38], [241, 32, 19], [252, 36, 19], [264, 33, 19], [276, 35, 19], [288, 21, 19], [299, 36, 19], [311, 19, 19], [322, 23, 19], [333, 29, 19], [344, 22, 19], [353, 34, 38], [361, 18, 19]]
paper towel [[7, 41, 23], [19, 36, 23], [31, 38, 23], [42, 42, 23], [54, 14, 23], [65, 39, 23], [76, 6, 46], [87, 44, 23], [99, 26, 23], [109, 40, 23], [121, 31, 23], [132, 12, 23], [144, 18, 23], [155, 32, 23], [167, 13, 23], [178, 28, 23], [189, 32, 23], [201, 27, 23], [213, 6, 46], [218, 31, 46], [224, 9, 46], [241, 38, 23], [252, 42, 23], [264, 37, 23], [276, 39, 23], [287, 43, 23], [299, 38, 23], [310, 40, 23], [321, 44, 23], [333, 27, 23], [343, 40, 23], [353, 32, 46], [360, 43, 46]]
cleaner [[20, 2, 2], [33, 3, 2], [46, 2, 2], [59, 2, 2], [72, 2, 2], [83, 2, 2], [96, 3, 2], [108, 3, 2], [121, 3, 2], [133, 2, 2], [146, 2, 2], [159, 3, 2], [172, 2, 2], [185, 2, 2], [198, 2, 2], [210, 3, 2], [217, 3, 4], [223, 3, 4], [243, 1, 2], [256, 2, 2], [269, 2, 2], [282, 2, 2], [294, 3, 2], [307, 1, 2], [320, 2, 2], [332, 3, 2], [344, 3, 2], [363, 3, 2]]
plastic bags [[7, 260, 209], [19, 183, 209], [30, 377, 209], [41, 382, 209], [53, 200, 209], [64, 290, 209], [87, 319, 209], [98, 324, 209], [109, 226, 209], [120, 316, 209], [131, 237, 209], [143, 222, 209], [154, 227, 209], [166, 150, 209], [176, 344, 209], [188, 140, 209], [200, 167, 209], [211, 257, 209], [217, 258, 418], [223, 53, 418], [229, 98, 418], [238, 374, 209], [250, 297, 209], [262, 282, 209], [273, 287, 209], [285, 210, 209], [296, 404, 209], [307, 200, 209], [319, 227, 209], [330, 317, 209], [340, 342, 209], [351, 223, 209], [357, 308, 418]]
light bulbs [[11, 24, 15], [23, 18, 15], [34, 20, 15], [46, 9, 15], [57, 18, 15], [68, 29, 15], [79, 21, 15], [90, 23, 15], [102, 27, 15], [112, 26, 15], [124, 23, 15], [135, 24, 15], [146, 26, 15], [159, 8, 15], [170, 24, 15], [181, 11, 15], [193, 15, 15], [204, 24, 15], [214, 21, 30], [220, 19, 30], [226, 5, 30], [232, 21, 15], [244, 8, 15], [256, 12, 15], [267, 21, 15], [279, 8, 15], [291, 12, 15], [302, 21, 15], [313, 17, 15], [325, 18, 15], [335, 20, 15], [346, 15, 15], [355, 3, 30], [363, 9, 15]]
box cutters [[6, 55, 46], [18, 63, 46], [29, 85, 46], [41, 42, 46], [52, 68, 46], [63, 71, 46], [75, 56, 46], [85, 73, 46], [97, 30, 46], [107, 74, 46], [118, 77, 46], [130, 39, 46], [141, 61, 46], [152, 91, 46], [164, 90, 46], [175, 47, 46], [187, 32, 46], [198, 77, 46], [209, 80, 46], [216, 82, 92], [229, 11, 92], [238, 73, 46], [250, 58, 46], [262, 57, 46], [273, 60, 46], [285, 45, 46], [296, 90, 46], [307, 47, 46], [319, 55, 46], [330, 77, 46], [340, 84, 46], [351, 60, 46], [357, 79, 92]]
office chair [[12, 4, 3], [25, 4, 3], [38, 4, 3], [49, 5, 3], [62, 4, 3], [75, 4, 3], [87, 3, 3], [99, 5, 3], [110, 5, 3], [123, 5, 3], [135, 5, 3], [148, 4, 3], [160, 5, 3], [173, 2, 3], [186, 2, 3], [198, 5, 3], [211, 4, 3], [217, 5, 6], [223, 4, 6], [242, 4, 3], [255, 4, 3], [268, 3, 3], [280, 4, 3], [293, 3, 3], [305, 4, 3], [318, 4, 3], [341, 5, 3], [360, 3, 6]]
pens [[9, 91, 63], [20, 95, 63], [32, 105, 63], [44, 72, 63], [54, 113, 63], [66, 111, 63], [76, 77, 126], [88, 87, 63], [99, 117, 63], [110, 57, 63], [121, 118, 63], [132, 59, 63], [144, 69, 63], [155, 99, 63], [167, 40, 63], [178, 75, 63], [189, 79, 63], [201, 58, 63], [212, 119, 63], [218, 58, 126], [223, 122, 126], [241, 98, 63], [252, 102, 63], [264, 81, 63], [276, 79, 63], [287, 83, 63], [299, 62, 63], [309, 123, 63], [321, 64, 63], [332, 99, 63], [342, 103, 63], [353, 12, 126], [360, 39, 126]]
printer paper [[15, 11, 6], [27, 8, 6], [40, 3, 6], [51, 6, 6], [62, 9, 6], [75, 4, 6], [85, 9, 6], [97, 6, 6], [108, 8, 6], [119, 11, 6], [131, 6, 6], [143, 9, 6], [155, 7, 6], [167, 4, 6], [178, 10, 6], [190, 8, 6], [202, 5, 6], [213, 11, 12], [219, 7, 12], [225, 3, 12], [230, 10, 12], [243, 5, 6], [255, 8, 6], [266, 11, 6], [279, 3, 6], [291, 7, 6], [303, 7, 6], [314, 4, 6], [326, 8, 6], [337, 8, 6], [347, 11, 6]]
blank badges [[7, 255, 176], [19, 188, 176], [30, 350, 176], [42, 177, 176], [53, 198, 176], [64, 272, 176], [87, 267, 176], [98, 270, 176], [109, 185, 176], [120, 259, 176], [131, 191, 176], [143, 177, 176], [154, 180, 176], [166, 113, 176], [176, 275, 176], [188, 102, 176], [200, 123, 176], [211, 197, 176], [217, 198, 352], [223, 25, 352], [229, 63, 352], [238, 294, 176], [250, 227, 176], [262, 213, 176], [273, 216, 176], [285, 149, 176], [296, 311, 176], [307, 138, 176], [319, 159, 176], [330, 233, 176], [340, 253, 176], [350, 326, 176], [357, 222, 352]]
scanner batt [[7, 13, 9], [19, 14, 9], [31, 17, 9], [43, 13, 9], [54, 13, 9], [66, 16, 9], [76, 15, 18], [89, 7, 9], [101, 10, 9], [111, 9, 9], [123, 14, 9], [134, 13, 9], [146, 8, 9], [158, 13, 9], [170, 12, 9], [181, 7, 9], [193, 12, 9], [205, 11, 9], [221, 2, 18], [227, 2, 18], [234, 13, 9], [245, 17, 9], [258, 4, 9], [270, 9, 9], [281, 17, 9], [293, 12, 9], [305, 8, 9], [316, 16, 9], [328, 11, 9], [339, 10, 9], [349, 14, 9], [357, 2, 18]]
meat trays [[10, 531, 376], [21, 535, 376], [33, 390, 376], [44, 734, 376], [55, 362, 376], [67, 405, 376], [76, 709, 752], [89, 188, 376], [100, 532, 376], [110, 535, 376], [122, 503, 376], [132, 507, 376], [144, 550, 376], [155, 706, 376], [167, 334, 376], [178, 527, 376], [189, 531, 376], [201, 386, 376], [212, 730, 376], [218, 359, 752], [223, 736, 752], [241, 569, 376], [252, 573, 376], [264, 428, 376], [276, 396, 376], [287, 400, 376], [299, 255, 376], [309, 599, 376], [321, 227, 376], [332, 420, 376], [342, 424, 376], [352, 617, 752], [360, 18, 752]]
produce bags [[12, 24, 20], [24, 24, 20], [35, 25, 20], [46, 29, 20], [57, 39, 20], [69, 20, 20], [80, 20, 20], [91, 21, 20], [103, 15, 20], [113, 23, 20], [124, 36, 20], [135, 36, 20], [146, 37, 20], [159, 11, 20], [170, 31, 20], [181, 12, 20], [193, 16, 20], [204, 26, 20], [214, 21, 40], [220, 18, 40], [225, 39, 40], [231, 39, 20], [243, 33, 20], [255, 33, 20], [266, 34, 20], [278, 28, 20], [290, 28, 20], [301, 29, 20], [312, 33, 20], [324, 23, 20], [334, 36, 20], [345, 16, 40], [354, 39, 20], [362, 18, 20]]
soap [[10, 19, 17], [21, 23, 17], [33, 21, 17], [45, 6, 34], [55, 27, 17], [67, 33, 17], [77, 33, 17], [89, 31, 17], [101, 33, 17], [111, 27, 17], [123, 33, 17], [134, 27, 17], [146, 14, 17], [158, 20, 17], [169, 31, 17], [180, 28, 17], [192, 30, 17], [204, 18, 17], [214, 16, 34], [220, 14, 34], [225, 33, 34], [232, 18, 17], [243, 32, 17], [256, 11, 17], [267, 22, 17], [279, 9, 17], [291, 15, 17], [302, 26, 17], [313, 23, 17], [325, 25, 17], [335, 29, 17], [346, 24, 17], [355, 12, 34], [363, 20, 17]]
