toilet paper [[12], [23], [35], [48], [58], [68], [78], [90], [101], [111], [124], [134], [146], [157], [168], [179], [190], [202], [219], [246], [258], [269], [280], [292], [302], [313], [325], [335], [346], [356]]
paper towel [[13], [24], [36], [50], [59], [70], [79], [92], [103], [114], [126], [136], [148], [159], [171], [182], [194], [205], [214], [221], [230], [251], [262], [273], [285], [295], [306], [318], [329], [339], [350], [358]]
cleaner [[12], [23], [37], [52], [61], [73], [84], [96], [108], [120], [132], [144], [157], [168], [180], [192], [205], [214], [221], [231], [254], [266], [278], [290], [302], [312], [326], [336], [348], [357]]
plastic bags [[8], [20], [31], [41], [55], [64], [86], [98], [109], [120], [131], [142], [153], [164], [174], [186], [197], [208], [215], [236], [252], [263], [274], [285], [295], [306], [318], [329], [338], [350], [358]]
light bulbs [[10], [21], [32], [44], [56], [66], [76], [87], [100], [110], [122], [132], [144], [156], [166], [176], [189], [199], [211], [217], [225], [241], [254], [265], [277], [287], [299], [309], [321], [332], [342], [353], [363]]
box cutters [[13], [24], [36], [50], [59], [69], [79], [92], [102], [112], [125], [135], [147], [158], [168], [179], [191], [202], [219], [246], [257], [269], [279], [291], [302], [311], [324], [334], [345], [355]]
office chair [[7], [20], [32], [44], [58], [68], [78], [92], [103], [115], [127], [139], [151], [163], [174], [187], [198], [210], [217], [225], [243], [254], [266], [278], [290], [301], [312], [325], [335], [347]]
pens [[7], [18], [30], [40], [54], [63], [75], [85], [97], [108], [119], [129], [141], [153], [164], [174], [186], [197], [207], [215], [236], [252], [263], [274], [285], [296], [306], [318], [329], [339], [350], [358]]
printer paper [[9], [21], [32], [43], [57], [67], [77], [89], [101], [111], [124], [134], [146], [157], [168], [179], [191], [203], [213], [228], [248], [260], [271], [282], [294], [304], [317], [327], [338], [350], [358]]
blank badges [[8], [20], [31], [41], [55], [64], [86], [98], [109], [120], [131], [142], [153], [164], [174], [186], [197], [208], [215], [236], [252], [263], [274], [285], [295], [306], [318], [329], [338], [350], [358]]
scanner batt [[7], [19], [30], [41], [55], [65], [76], [87], [100], [110], [122], [133], [145], [156], [167], [178], [190], [201], [219], [247], [258], [270], [280], [292], [303], [315], [327], [337], [349], [357]]
meat trays [[7], [19], [30], [40], [55], [63], [75], [86], [97], [108], [119], [129], [141], [153], [164], [174], [186], [197], [207], [215], [236], [252], [263], [274], [285], [295], [306], [318], [329], [338], [350], [358]]
produce bags [[7], [19], [30], [40], [55], [64], [86], [99], [109], [120], [131], [143], [154], [165], [175], [187], [198], [209], [216], [223], [237], [253], [264], [276], [286], [297], [308], [319], [331], [341], [352], [361]]
soap [[7], [19], [31], [41], [55], [65], [76], [87], [99], [109], [121], [132], [143], [155], [166], [175], [188], [199], [210], [216], [224], [239], [254], [264], [276], [287], [298], [309], [320], [331], [342], [353], [362]]
wrenches [[16], [30], [42], [59], [70], [82], [95], [107], [119], [132], [144], [157], [170], [182], [196], [207], [223], [239], [255], [268], [279], [293], [304], [317], [330], [341], [353], [364]]
water bottles [[6], [17], [29], [39], [54], [62], [73], [84], [95], [105], [117], [127], [138], [150], [161], [172], [183], [195], [206], [214], [221], [230], [252], [262], [274], [285], [295], [306], [318], [328], [338], [350], [358]]
keyboards [[12], [23], [35], [49], [59], [70], [79], [92], [103], [115], [127], [138], [150], [162], [172], [184], [196], [207], [215], [222], [234], [253], [264], [276], [287], [299], [309], [322], [332], [343], [354]]
photo paper [[6], [18], [29], [39], [54], [63], [74], [84], [95], [106], [118], [128], [140], [151], [162], [173], [184], [195], [206], [214], [221], [231], [252], [262], [273], [284], [295], [305], [317], [328], [338], [349], [357]]
plastic wrap [[6], [17], [29], [39], [54], [63], [74], [84], [95], [106], [118], [128], [140], [151], [163], [173], [184], [196], [207], [222], [233], [252], [263], [274], [285], [296], [306], [318], [329], [339], [350], [358]]
