toilet paper [[8], [20], [31], [41], [56], [65], [76], [87], [99], [109], [121], [132], [143], [155], [166], [175], [188], [199], [210], [216], [224], [239], [254], [264], [276], [287], [298], [309], [320], [331], [342], [353], [362]]
paper towel [[7], [19], [30], [41], [55], [64], [86], [99], [109], [120], [131], [143], [154], [165], [175], [188], [198], [209], [216], [223], [238], [253], [263], [275], [286], [297], [308], [319], [341], [352], [360]]
cleaner [[12], [23], [37], [52], [61], [73], [84], [96], [108], [120], [132], [144], [157], [168], [180], [192], [205], [214], [221], [231], [254], [266], [278], [290], [302], [312], [326], [336], [348], [357]]
plastic bags [[7], [19], [30], [40], [55], [63], [75], [86], [97], [108], [119], [129], [141], [153], [164], [174], [186], [197], [207], [215], [236], [252], [263], [274], [285], [295], [306], [318], [329], [338], [350], [358]]
light bulbs [[11], [22], [33], [46], [56], [65], [76], [87], [100], [110], [122], [132], [143], [155], [166], [176], [189], [199], [211], [217], [225], [241], [254], [265], [276], [287], [299], [309], [320], [331], [342], [353], [362]]
box cutters [[8], [20], [31], [41], [55], [65], [76], [86], [99], [109], [120], [131], [142], [154], [165], [175], [187], [198], [209], [216], [223], [237], [253], [263], [275], [286], [297], [308], [319], [330], [341], [352], [360]]
office chair [[12], [23], [37], [52], [61], [73], [84], [96], [108], [120], [132], [144], [157], [168], [180], [192], [205], [214], [221], [231], [254], [266], [278], [290], [302], [312], [326], [336], [348], [357]]
pens [[10], [21], [32], [43], [57], [66], [76], [88], [100], [110], [122], [132], [143], [155], [166], [176], [188], [199], [210], [216], [224], [239], [253], [263], [275], [286], [297], [308], [319], [330], [341], [352], [360]]
printer paper [[7], [18], [30], [41], [55], [64], [76], [87], [99], [110], [122], [132], [144], [156], [167], [177], [190], [201], [212], [218], [227], [245], [255], [268], [278], [290], [301], [311], [324], [334], [345]]
blank badges [[6], [17], [29], [39], [53], [62], [73], [83], [95], [105], [117], [127], [138], [150], [161], [171], [183], [195], [206], [214], [221], [230], [252], [262], [274], [285], [295], [306], [318], [328], [338], [350], [358]]
scanner batt [[15], [27], [38], [53], [62], [73], [84], [95], [106], [118], [129], [141], [154], [165], [175], [188], [199], [211], [217], [225], [242], [254], [265], [277], [288], [300], [310], [323], [333], [344], [355]]
meat trays [[11], [22], [33], [45], [56], [65], [76], [87], [99], [109], [121], [132], [143], [154], [165], [175], [187], [198], [209], [216], [223], [237], [253], [263], [275], [286], [296], [307], [318], [329], [339], [351], [358]]
produce bags [[11], [22], [34], [47], [56], [66], [76], [87], [100], [110], [122], [133], [144], [156], [166], [177], [189], [200], [212], [218], [226], [244], [254], [266], [277], [287], [299], [309], [321], [332], [343], [353], [363]]
soap [[8], [20], [31], [42], [56], [65], [76], [87], [100], [110], [122], [132], [143], [155], [166], [176], [189], [199], [211], [217], [225], [241], [254], [265], [277], [287], [299], [309], [321], [332], [342], [353], [362]]
