toilet paper [[14], [25], [37], [51], [60], [70], [80], [93], [103], [115], [126], [137], [149], [159], [171], [182], [194], [205], [214], [221], [230], [252], [262], [273], [285], [295], [306], [318], [329], [339], [350], [358]]
paper towel [[10], [21], [33], [45], [56], [65], [76], [87], [100], [110], [122], [132], [143], [155], [166], [176], [189], [199], [211], [217], [225], [241], [254], [265], [277], [287], [299], [309], [321], [332], [342], [353], [362]]
cleaner [[20], [32], [49], [60], [71], [83], [96], [108], [121], [133], [146], [158], [171], [183], [197], [209], [216], [224], [242], [255], [268], [280], [293], [304], [318], [330], [342], [353], [364]]
plastic bags [[10], [21], [32], [43], [57], [66], [76], [87], [100], [110], [122], [132], [143], [155], [166], [175], [188], [198], [210], [216], [223], [238], [253], [263], [275], [286], [296], [307], [318], [329], [339], [350], [358]]
light bulbs [[7], [19], [31], [41], [55], [65], [76], [87], [99], [109], [121], [132], [143], [155], [166], [175], [188], [199], [210], [216], [224], [239], [254], [264], [276], [287], [298], [309], [320], [331], [342], [353], [362]]
box cutters [[10], [21], [33], [45], [56], [65], [76], [87], [99], [109], [121], [132], [143], [155], [166], [175], [188], [199], [210], [216], [224], [239], [253], [264], [276], [286], [297], [308], [319], [331], [341], [352], [361]]
office chair [[7], [20], [32], [44], [58], [68], [78], [92], [103], [115], [127], [139], [151], [163], [174], [187], [198], [210], [217], [225], [243], [254], [266], [278], [290], [301], [312], [325], [335], [347]]
pens [[12], [22], [34], [47], [56], [65], [76], [87], [99], [109], [121], [132], [143], [154], [165], [175], [188], [198], [210], [216], [223], [238], [253], [263], [275], [286], [296], [307], [319], [330], [340], [351], [359]]
printer paper [[15], [27], [38], [52], [61], [72], [83], [95], [106], [118], [129], [141], [153], [165], [175], [187], [198], [210], [216], [224], [239], [254], [266], [277], [288], [300], [310], [323], [333], [344], [355]]
blank badges [[10], [21], [32], [43], [56], [65], [76], [87], [99], [109], [121], [131], [143], [154], [165], [175], [187], [198], [209], [216], [223], [237], [253], [263], [275], [286], [296], [307], [318], [330], [340], [351], [359]]
scanner batt [[15], [27], [38], [53], [62], [73], [84], [95], [106], [118], [129], [141], [154], [165], [175], [188], [199], [211], [217], [225], [242], [254], [265], [277], [288], [300], [310], [323], [333], [344], [355]]
meat trays [[8], [20], [31], [41], [55], [64], [86], [98], [109], [120], [131], [142], [153], [164], [174], [186], [197], [208], [215], [236], [252], [263], [274], [285], [295], [306], [318], [329], [338], [350], [358]]
produce bags [[7], [19], [31], [41], [55], [64], [76], [86], [99], [109], [121], [131], [143], [154], [165], [175], [188], [198], [210], [216], [238], [253], [264], [276], [286], [297], [308], [319], [331], [341], [352], [361]]
soap [[10], [21], [32], [44], [56], [66], [76], [87], [100], [110], [122], [132], [144], [156], [166], [176], [189], [199], [211], [217], [225], [241], [254], [265], [277], [287], [299], [309], [321], [332], [342], [353], [363]]
