toilet paper [[8], [20], [32], [43], [54], [66], [76], [88], [100], [110], [122], [132], [145], [156], [167], [179], [190], [202], [213], [219], [224], [230], [242], [253], [265], [277], [289], [300], [311], [323], [334], [345], [354], [361]]
paper towel [[11], [22], [34], [45], [56], [68], [78], [90], [102], [112], [124], [135], [146], [158], [170], [180], [192], [204], [214], [220], [225], [232], [243], [255], [267], [278], [290], [302], [313], [325], [335], [345], [355], [363]]
cleaner [[8], [20], [33], [45], [56], [68], [80], [91], [116], [128], [139], [152], [164], [175], [187], [200], [212], [218], [242], [254], [266], [278], [291], [303], [314], [327], [338], [348], [356]]
plastic bags [[7], [19], [31], [42], [53], [64], [87], [98], [109], [120], [131], [143], [154], [166], [176], [188], [200], [211], [217], [223], [229], [238], [250], [262], [273], [285], [296], [307], [319], [330], [340], [350], [357]]
light bulbs [[10], [21], [33], [45], [55], [67], [77], [89], [101], [111], [123], [134], [146], [158], [169], [180], [192], [204], [214], [220], [225], [232], [243], [256], [267], [279], [291], [302], [313], [325], [335], [346], [355], [363]]
box cutters [[12], [24], [35], [46], [58], [69], [80], [91], [103], [113], [125], [136], [147], [159], [171], [181], [193], [204], [214], [220], [226], [232], [244], [256], [267], [279], [291], [302], [313], [325], [335], [345], [362]]
office chair [[8], [20], [33], [45], [56], [68], [80], [91], [116], [128], [139], [152], [164], [175], [187], [200], [212], [218], [242], [254], [266], [278], [291], [303], [314], [327], [338], [348], [356]]
pens [[7], [19], [31], [42], [53], [64], [87], [98], [109], [120], [131], [143], [154], [166], [176], [188], [200], [211], [217], [223], [229], [239], [250], [262], [273], [285], [297], [307], [319], [330], [341], [351], [357]]
printer paper [[7], [19], [31], [42], [54], [66], [76], [88], [100], [110], [122], [133], [145], [157], [168], [180], [191], [203], [214], [220], [225], [231], [243], [255], [267], [279], [291], [302], [313], [326], [336], [347], [355], [364]]
blank badges [[8], [20], [32], [43], [54], [65], [76], [87], [98], [109], [120], [131], [143], [154], [166], [176], [188], [200], [211], [217], [223], [229], [238], [250], [262], [273], [285], [296], [307], [319], [330], [340], [350], [357]]
scanner batt [[15], [27], [39], [50], [62], [74], [85], [97], [108], [119], [131], [143], [154], [166], [178], [189], [201], [213], [219], [224], [230], [242], [254], [265], [278], [290], [301], [313], [325], [335], [346], [355], [363]]
meat trays [[8], [20], [32], [43], [54], [65], [76], [87], [98], [109], [120], [131], [143], [154], [166], [176], [188], [200], [211], [217], [223], [229], [238], [250], [262], [273], [285], [296], [307], [319], [330], [340], [351], [357]]
produce bags [[10], [21], [33], [45], [55], [67], [77], [89], [101], [111], [123], [133], [145], [157], [168], [179], [191], [202], [213], [219], [225], [230], [242], [253], [265], [277], [288], [300], [311], [322], [334], [344], [354], [361]]
soap [[8], [20], [32], [43], [54], [66], [76], [88], [100], [110], [122], [132], [145], [156], [167], [179], [190], [202], [213], [219], [224], [230], [242], [253], [265], [277], [289], [300], [312], [323], [334], [345], [354], [361]]
