toilet paper [[8, 18, 17], [19, 32, 17], [32, 11, 17], [43, 22, 17], [54, 19, 17], [66, 21, 17], [76, 15, 34], [88, 21, 17], [99, 32, 17], [110, 19, 17], [122, 21, 17], [132, 25, 17], [144, 31, 17], [156, 25, 17], [167, 29, 17], [179, 18, 17], [190, 29, 17], [202, 16, 17], [213, 28, 34], [219, 13, 34], [224, 31, 34], [230, 16, 34], [242, 22, 17], [253, 33, 17], [265, 20, 17], [277, 26, 17], [289, 20, 17], [300, 24, 17], [312, 13, 17], [323, 24, 17], [334, 21, 17], [345, 6, 34], [354, 28, 17], [362, 12, 17]]
paper towel [[9, 21, 21], [20, 25, 21], [32, 31, 21], [44, 23, 21], [54, 39, 21], [66, 41, 21], [76, 32, 42], [88, 38, 21], [100, 30, 21], [110, 33, 21], [122, 35, 21], [132, 39, 21], [145, 14, 21], [156, 37, 21], [167, 41, 21], [179, 26, 21], [190, 39, 21], [202, 22, 21], [213, 36, 42], [219, 17, 42], [224, 39, 42], [230, 20, 42], [242, 26, 21], [253, 39, 21], [265, 22, 21], [277, 28, 21], [288, 41, 21], [300, 24, 21], [311, 38, 21], [323, 22, 21], [334, 17, 21], [344, 40, 21], [354, 24, 21], [361, 34, 21]]
cleaner [[12, 4, 3], [25, 4, 3], [38, 4, 3], [49, 5, 3], [62, 4, 3], [75, 4, 3], [87, 3, 3], [99, 5, 3], [110, 5, 3], [123, 5, 3], [135, 5, 3], [148, 4, 3], [160, 5, 3], [173, 2, 3], [186, 2, 3], [198, 5, 3], [211, 4, 3], [217, 5, 6], [223, 4, 6], [242, 4, 3], [255, 4, 3], [268, 3, 3], [280, 4, 3], [293, 3, 3], [305, 4, 3], [318, 4, 3], [341, 5, 3], [360, 3, 6]]
plastic bags [[7, 344, 201], [19, 270, 201], [31, 256, 201], [42, 261, 201], [53, 287, 201], [64, 374, 201], [87, 307, 201], [98, 312, 201], [109, 217, 201], [120, 304, 201], [131, 228, 201], [143, 214, 201], [154, 219, 201], [166, 145, 201], [176, 332, 201], [188, 136, 201], [200, 162, 201], [211, 249, 201], [217, 250, 402], [223, 53, 402], [229, 97, 402], [238, 362, 201], [250, 288, 201], [262, 274, 201], [273, 279, 201], [285, 205, 201], [296, 392, 201], [307, 196, 201], [319, 222, 201], [330, 309, 201], [340, 333, 201], [351, 219, 201], [357, 300, 402]]
light bulbs [[10, 19, 17], [21, 23, 17], [33, 21, 17], [45, 6, 34], [55, 27, 17], [67, 33, 17], [77, 33, 17], [89, 31, 17], [101, 33, 17], [111, 27, 17], [123, 33, 17], [134, 27, 17], [146, 14, 17], [158, 20, 17], [169, 31, 17], [180, 28, 17], [192, 30, 17], [204, 18, 17], [214, 16, 34], [220, 14, 34], [225, 33, 34], [232, 18, 17], [243, 32, 17], [256, 11, 17], [267, 22, 17], [279, 9, 17], [291, 15, 17], [302, 26, 17], [313, 23, 17], [325, 25, 17], [335, 29, 17], [346, 24, 17], [355, 12, 34], [363, 20, 17]]
box cutters [[15, 36, 23], [27, 17, 23], [39, 23, 23], [49, 36, 23], [61, 31, 23], [73, 33, 23], [83, 23, 23], [95, 29, 23], [105, 28, 23], [117, 23, 23], [129, 2, 46], [139, 29, 23], [151, 35, 23], [163, 26, 23], [173, 43, 23], [185, 45, 23], [197, 27, 23], [208, 44, 23], [216, 10, 46], [222, 16, 46], [228, 18, 46], [236, 41, 23], [248, 43, 23], [260, 25, 23], [271, 42, 23], [283, 44, 23], [295, 26, 23], [306, 20, 23], [317, 45, 23], [329, 26, 23], [339, 41, 23], [349, 45, 23], [357, 10, 46]]
office chair [[20, 2, 2], [33, 3, 2], [46, 2, 2], [59, 2, 2], [72, 2, 2], [83, 2, 2], [96, 3, 2], [108, 3, 2], [121, 3, 2], [133, 2, 2], [146, 2, 2], [159, 3, 2], [172, 2, 2], [185, 2, 2], [198, 2, 2], [210, 3, 2], [217, 3, 4], [223, 3, 4], [243, 1, 2], [256, 2, 2], [269, 2, 2], [282, 2, 2], [294, 3, 2], [307, 1, 2], [320, 2, 2], [332, 3, 2], [344, 3, 2], [363, 3, 2]]
pens [[10, 95, 58], [21, 98, 58], [33, 78, 58], [45, 18, 116], [55, 79, 58], [67, 88, 58], [77, 79, 58], [89, 59, 58], [100, 115, 58], [111, 25, 58], [122, 115, 58], [133, 60, 58], [145, 40, 58], [156, 96, 58], [167, 99, 58], [179, 50, 58], [190, 77, 58], [201, 114, 58], [213, 54, 116], [218, 114, 116], [224, 57, 116], [230, 1, 116], [241, 91, 58], [252, 94, 58], [264, 74, 58], [276, 72, 58], [287, 75, 58], [299, 55, 58], [309, 111, 58], [321, 56, 58], [332, 88, 58], [342, 91, 58], [353, 7, 116], [360, 32, 116]]
printer paper [[13, 5, 7], [25, 10, 7], [37, 10, 7], [48, 7, 7], [60, 12, 7], [72, 12, 7], [83, 5, 7], [95, 10, 7], [105, 12, 7], [118, 3, 7], [129, 10, 14], [141, 8, 7], [153, 5, 7], [165, 10, 7], [176, 10, 7], [188, 7, 7], [200, 12, 7], [212, 12, 7], [218, 7, 14], [224, 1, 14], [242, 5, 7], [253, 12, 7], [265, 9, 7], [278, 4, 7], [290, 7, 7], [301, 11, 7], [313, 6, 7], [325, 9, 7], [335, 13, 7], [346, 13, 7], [355, 10, 14], [364, 8, 7]]
blank badges [[10, 201, 141], [21, 205, 141], [33, 153, 141], [45, 2, 282], [55, 147, 141], [67, 165, 141], [76, 281, 282], [89, 88, 141], [100, 219, 141], [110, 222, 141], [122, 212, 141], [132, 216, 141], [144, 234, 141], [156, 154, 141], [167, 158, 141], [178, 232, 141], [189, 236, 141], [201, 184, 141], [213, 33, 282], [218, 177, 282], [224, 37, 282], [241, 215, 141], [252, 219, 141], [264, 167, 141], [276, 157, 141], [287, 161, 141], [299, 109, 141], [309, 240, 141], [321, 103, 141], [332, 177, 141], [342, 181, 141], [352, 255, 282], [360, 31, 282]]
scanner batt [[9, 8, 8], [20, 11, 8], [32, 15, 8], [44, 14, 8], [55, 9, 8], [67, 13, 8], [77, 14, 8], [89, 14, 8], [102, 6, 8], [111, 15, 8], [124, 7, 8], [135, 10, 8], [146, 13, 8], [159, 5, 8], [181, 11, 8], [193, 15, 8], [205, 14, 8], [221, 2, 16], [227, 2, 16], [234, 12, 8], [245, 15, 8], [257, 15, 8], [270, 7, 8], [281, 14, 8], [293, 9, 8], [305, 5, 8], [316, 12, 8], [328, 7, 8], [338, 14, 16], [349, 9, 8], [356, 14, 16]]
meat trays [[6, 961, 489], [19, 285, 489], [30, 733, 489], [41, 739, 489], [53, 307, 489], [64, 511, 489], [75, 810, 489], [85, 965, 489], [97, 482, 489], [107, 930, 489], [118, 936, 489], [130, 504, 489], [141, 708, 489], [153, 225, 489], [164, 966, 489], [174, 972, 489], [187, 296, 489], [198, 744, 489], [209, 750, 489], [216, 754, 978], [222, 857, 978], [228, 863, 978], [237, 526, 489], [249, 583, 489], [260, 787, 489], [272, 304, 489], [284, 361, 489], [295, 565, 489], [306, 375, 489], [317, 823, 489], [328, 829, 489], [339, 592, 489], [349, 598, 489], [356, 798, 978]]
produce bags [[10, 43, 23], [22, 25, 23], [33, 42, 23], [45, 21, 46], [56, 25, 23], [68, 20, 23], [78, 31, 23], [90, 12, 23], [102, 18, 23], [111, 40, 23], [124, 12, 23], [134, 37, 23], [146, 18, 23], [158, 24, 23], [169, 38, 23], [180, 32, 23], [192, 34, 23], [203, 38, 23], [214, 12, 46], [220, 9, 46], [225, 34, 46], [231, 35, 23], [243, 30, 23], [255, 32, 23], [266, 36, 23], [278, 31, 23], [290, 33, 23], [301, 37, 23], [312, 43, 23], [324, 34, 23], [335, 15, 23], [345, 30, 46], [363, 10, 23]]
soap [[11, 24, 15], [23, 18, 15], [34, 20, 15], [46, 9, 15], [57, 18, 15], [68, 29, 15], [79, 21, 15], [90, 23, 15], [102, 27, 15], [112, 26, 15], [124, 23, 15], [135, 24, 15], [146, 26, 15], [159, 8, 15], [170, 24, 15], [181, 11, 15], [193, 15, 15], [204, 24, 15], [214, 21, 30], [220, 19, 30], [226, 5, 30], [232, 21, 15], [244, 8, 15], [256, 12, 15], [267, 21, 15], [279, 8, 15], [291, 12, 15], [302, 21, 15], [313, 17, 15], [325, 18, 15], [335, 20, 15], [346, 15, 15], [355, 3, 30], [363, 9, 15]]
