toilet paper [[15], [27], [39], [49], [61], [73], [83], [95], [104], [117], [128], [139], [151], [162], [173], [185], [196], [208], [222], [228], [236], [248], [259], [271], [283], [294], [305], [317], [328], [339], [349], [356]]
paper towel [[7], [19], [31], [42], [54], [65], [76], [87], [99], [109], [121], [132], [144], [155], [167], [178], [189], [201], [213], [218], [224], [241], [252], [264], [276], [287], [299], [310], [321], [333], [343], [353], [360]]
cleaner [[20], [33], [46], [59], [72], [83], [96], [108], [121], [133], [146], [159], [172], [185], [198], [210], [217], [223], [243], [256], [269], [282], [294], [307], [320], [332], [344], [363]]
plastic bags [[8], [20], [32], [43], [54], [66], [76], [87], [98], [109], [120], [131], [143], [154], [166], [177], [188], [200], [211], [217], [223], [229], [239], [250], [262], [273], [285], [297], [307], [319], [330], [340], [351], [357]]
light bulbs [[10], [21], [33], [45], [55], [67], [77], [89], [101], [111], [123], [134], [146], [158], [169], [180], [192], [204], [214], [220], [225], [232], [243], [256], [267], [279], [291], [302], [313], [325], [335], [346], [355], [363]]
box cutters [[10], [22], [33], [45], [55], [68], [77], [89], [101], [111], [123], [133], [145], [157], [168], [179], [191], [202], [219], [225], [230], [243], [254], [265], [277], [289], [300], [312], [323], [334], [344], [354], [361]]
office chair [[8], [20], [33], [45], [56], [68], [80], [91], [116], [128], [139], [152], [164], [175], [187], [200], [212], [218], [242], [254], [266], [278], [291], [303], [314], [327], [338], [348], [356]]
pens [[8], [19], [31], [42], [53], [65], [87], [98], [109], [120], [131], [143], [154], [166], [176], [188], [200], [211], [217], [223], [229], [238], [250], [262], [273], [285], [296], [307], [319], [330], [340], [350], [357]]
printer paper [[8], [20], [32], [43], [54], [66], [76], [88], [99], [110], [121], [132], [144], [155], [167], [178], [189], [201], [213], [218], [224], [241], [252], [264], [276], [287], [299], [310], [321], [333], [343], [353], [360]]
blank badges [[9], [20], [33], [44], [55], [67], [76], [88], [99], [110], [121], [132], [144], [155], [167], [178], [189], [201], [212], [218], [223], [229], [240], [251], [263], [274], [286], [298], [308], [320], [331], [341], [352], [358]]
scanner batt [[11], [22], [34], [46], [58], [69], [81], [92], [116], [127], [138], [151], [163], [174], [186], [198], [209], [217], [229], [239], [251], [263], [275], [287], [299], [310], [322], [334], [345], [354], [362]]
meat trays [[7], [19], [30], [41], [53], [64], [75], [86], [97], [108], [119], [130], [141], [153], [165], [175], [187], [198], [209], [216], [222], [228], [237], [249], [260], [272], [284], [295], [306], [317], [328], [339], [349], [356]]
produce bags [[12], [24], [35], [46], [57], [69], [80], [91], [103], [113], [124], [135], [146], [159], [170], [181], [193], [204], [214], [220], [225], [231], [243], [255], [266], [278], [290], [301], [312], [324], [334], [345], [354], [362]]
soap [[10], [21], [33], [45], [55], [67], [77], [89], [101], [111], [123], [134], [146], [158], [169], [180], [192], [204], [214], [220], [225], [232], [243], [256], [267], [279], [291], [302], [313], [325], [335], [346], [355], [363]]
