toilet paper [[6], [18], [29], [39], [50], [62], [73], [83], [95], [105], [117], [128], [140], [151], [163], [173], [184], [196], [207], [222], [233], [252], [263], [274], [286], [296], [307], [319], [330], [341], [352], [360]]
paper towel [[13], [24], [36], [46], [57], [70], [79], [92], [102], [113], [125], [135], [148], [158], [169], [180], [191], [203], [213], [228], [247], [259], [270], [281], [293], [303], [315], [326], [337], [349], [357]]
cleaner [[12], [23], [36], [46], [59], [71], [82], [95], [106], [119], [130], [143], [155], [167], [178], [191], [203], [213], [220], [229], [252], [263], [276], [287], [300], [311], [324], [335], [346], [356]]
plastic bags [[6], [17], [29], [39], [49], [61], [72], [82], [94], [104], [116], [127], [138], [150], [160], [171], [182], [195], [205], [214], [221], [230], [252], [262], [273], [285], [295], [305], [317], [328], [338], [350], [358]]
light bulbs [[11], [22], [33], [44], [55], [67], [77], [88], [101], [111], [123], [133], [145], [157], [167], [178], [190], [201], [212], [218], [244], [255], [267], [278], [288], [300], [310], [322], [333], [343], [355]]
box cutters [[7], [18], [29], [39], [50], [62], [72], [83], [94], [104], [117], [127], [138], [150], [160], [171], [183], [195], [206], [214], [221], [230], [252], [263], [274], [285], [296], [306], [318], [329], [339], [351], [358]]
office chair [[7], [20], [31], [44], [54], [68], [78], [91], [102], [113], [126], [136], [149], [161], [172], [184], [197], [208], [223], [237], [254], [266], [278], [290], [301], [312], [325], [335], [348]]
pens [[7], [18], [29], [40], [50], [62], [72], [83], [94], [104], [117], [127], [138], [150], [160], [171], [182], [195], [205], [214], [221], [230], [252], [262], [273], [285], [295], [306], [318], [328], [338], [350], [358]]
printer paper [[11], [22], [33], [56], [68], [78], [91], [102], [112], [125], [135], [148], [158], [170], [181], [193], [205], [214], [221], [230], [252], [263], [275], [286], [297], [308], [320], [331], [342], [353], [363]]
blank badges [[10], [21], [32], [43], [53], [64], [86], [98], [109], [120], [131], [142], [153], [165], [174], [186], [197], [208], [215], [236], [252], [263], [274], [285], [295], [306], [318], [329], [338], [351], [358]]
scanner batt [[15], [26], [38], [47], [60], [71], [82], [94], [104], [117], [128], [140], [151], [164], [174], [186], [198], [209], [216], [223], [238], [253], [264], [276], [287], [299], [310], [322], [333], [343], [355]]
meat trays [[8], [20], [30], [41], [52], [63], [74], [84], [95], [106], [118], [128], [140], [151], [163], [173], [184], [196], [206], [222], [232], [253], [263], [274], [285], [296], [307], [318], [329], [339], [351], [358]]
produce bags [[7], [19], [30], [40], [51], [62], [74], [84], [95], [106], [118], [128], [140], [151], [163], [173], [185], [196], [207], [222], [233], [252], [263], [274], [285], [296], [307], [318], [329], [339], [351], [359]]
soap [[8], [20], [31], [42], [52], [63], [75], [86], [98], [108], [119], [130], [142], [153], [165], [175], [187], [198], [209], [216], [223], [237], [253], [264], [276], [286], [298], [308], [319], [331], [342], [353], [361]]
wrenches [[10], [22], [34], [45], [57], [70], [80], [94], [104], [118], [129], [142], [154], [166], [176], [190], [202], [213], [251], [262], [275], [286], [299], [310], [323], [334], [345], [356]]
water bottles [[5], [15], [27], [38], [47], [60], [70], [80], [92], [103], [114], [126], [136], [148], [159], [170], [181], [192], [204], [213], [220], [229], [248], [260], [271], [282], [293], [303], [315], [326], [336], [348], [356]]
keyboards [[12], [23], [34], [45], [56], [69], [79], [92], [103], [114], [126], [137], [149], [160], [172], [183], [196], [207], [215], [222], [234], [253], [264], [276], [287], [299], [309], [322], [332], [343], [355]]
photo paper [[7], [18], [29], [40], [50], [62], [72], [83], [94], [104], [116], [128], [139], [151], [162], [172], [183], [196], [206], [222], [232], [253], [263], [274], [285], [296], [307], [318], [329], [339], [351], [358]]
plastic wrap [[7], [18], [29], [40], [50], [62], [73], [83], [95], [105], [117], [127], [138], [150], [161], [172], [183], [195], [206], [214], [221], [231], [252], [262], [273], [285], [295], [306], [318], [328], [338], [350], [358]]
