toilet paper [[6], [19], [30], [41], [53], [64], [87], [98], [109], [121], [132], [144], [155], [167], [178], [189], [201], [213], [218], [224], [241], [252], [264], [276], [288], [299], [311], [322], [333], [344], [353], [361]]
paper towel [[13], [25], [36], [47], [59], [70], [81], [92], [115], [126], [138], [149], [160], [172], [183], [195], [207], [215], [221], [227], [235], [246], [258], [270], [281], [293], [304], [315], [327], [338], [348]]
cleaner [[20], [33], [46], [59], [72], [83], [96], [108], [121], [133], [146], [159], [172], [185], [198], [210], [217], [223], [243], [256], [269], [282], [294], [307], [320], [332], [344], [363]]
plastic bags [[9], [20], [33], [44], [55], [66], [76], [88], [99], [110], [121], [132], [144], [155], [167], [178], [189], [201], [212], [218], [223], [229], [240], [251], [263], [274], [286], [298], [308], [320], [331], [341], [352], [358]]
light bulbs [[9], [20], [32], [44], [55], [67], [76], [89], [100], [110], [122], [133], [145], [156], [168], [179], [190], [202], [213], [219], [224], [230], [242], [253], [265], [277], [289], [300], [311], [323], [334], [344], [354], [361]]
box cutters [[13], [25], [36], [47], [59], [70], [81], [92], [115], [126], [137], [149], [160], [172], [183], [195], [207], [215], [221], [227], [234], [246], [257], [269], [280], [292], [304], [314], [327], [337], [347]]
office chair [[20], [33], [46], [59], [72], [83], [96], [108], [121], [133], [146], [159], [172], [185], [198], [210], [217], [223], [243], [256], [269], [282], [294], [307], [320], [332], [344], [363]]
pens [[10], [21], [33], [45], [55], [67], [77], [89], [100], [111], [122], [133], [145], [156], [167], [179], [190], [201], [213], [218], [224], [230], [241], [252], [264], [276], [287], [299], [309], [321], [332], [342], [353], [360]]
printer paper [[15], [27], [40], [51], [62], [75], [85], [97], [108], [119], [131], [143], [155], [167], [178], [190], [202], [213], [219], [225], [230], [243], [255], [266], [279], [291], [303], [314], [326], [337], [347]]
blank badges [[14], [26], [38], [48], [60], [71], [82], [93], [104], [115], [126], [137], [149], [160], [171], [182], [194], [206], [215], [221], [226], [234], [245], [257], [268], [279], [291], [303], [313], [325], [335], [346], [355], [363]]
scanner batt [[12], [25], [36], [47], [60], [72], [82], [94], [104], [117], [129], [139], [152], [164], [175], [187], [199], [211], [217], [223], [229], [240], [251], [264], [276], [287], [300], [311], [323], [334], [345], [363]]
meat trays [[10], [21], [33], [45], [55], [67], [77], [89], [100], [110], [122], [132], [144], [156], [167], [178], [189], [201], [213], [218], [224], [241], [252], [264], [276], [287], [299], [309], [321], [332], [342], [352], [360]]
produce bags [[8], [20], [32], [43], [54], [66], [76], [88], [99], [110], [121], [132], [144], [155], [167], [178], [189], [201], [213], [218], [224], [241], [252], [264], [276], [287], [299], [310], [321], [333], [343], [353], [360]]
soap [[10], [21], [33], [45], [55], [67], [77], [89], [101], [111], [123], [134], [146], [158], [169], [180], [192], [204], [214], [220], [225], [232], [243], [256], [267], [279], [291], [302], [313], [325], [335], [346], [355], [363]]
