toilet paper [[9], [20], [33], [44], [55], [67], [77], [89], [100], [111], [123], [133], [145], [157], [168], [179], [191], [202], [213], [219], [224], [230], [242], [253], [265], [277], [288], [300], [311], [322], [334], [344], [354], [361]]
paper towel [[10], [21], [33], [45], [55], [68], [78], [89], [102], [111], [124], [134], [146], [158], [169], [180], [192], [203], [214], [220], [225], [231], [243], [255], [267], [278], [290], [302], [313], [325], [335], [346], [355], [363]]
cleaner [[12], [25], [38], [49], [62], [75], [87], [99], [110], [123], [135], [148], [160], [173], [186], [198], [211], [217], [223], [242], [255], [268], [280], [293], [305], [318], [341], [360]]
plastic bags [[7], [19], [31], [42], [53], [64], [87], [98], [109], [120], [131], [142], [154], [166], [176], [188], [200], [211], [217], [223], [229], [238], [250], [262], [273], [285], [296], [307], [319], [330], [340], [350], [357]]
light bulbs [[9], [20], [32], [44], [55], [67], [76], [89], [100], [110], [122], [133], [145], [156], [168], [179], [190], [202], [213], [219], [224], [230], [242], [253], [265], [277], [289], [300], [311], [323], [334], [344], [354], [361]]
box cutters [[6], [18], [29], [41], [52], [63], [75], [85], [97], [107], [118], [130], [141], [152], [164], [175], [187], [198], [209], [216], [229], [238], [250], [262], [273], [285], [296], [307], [319], [330], [340], [351], [357]]
office chair [[12], [25], [38], [49], [62], [75], [87], [99], [110], [123], [135], [148], [160], [173], [186], [198], [211], [217], [223], [242], [255], [268], [280], [293], [305], [318], [341], [360]]
pens [[11], [23], [34], [45], [56], [68], [78], [90], [102], [112], [124], [134], [146], [158], [169], [180], [192], [203], [219], [225], [230], [243], [254], [265], [277], [289], [300], [311], [323], [334], [344], [354], [361]]
printer paper [[11], [23], [34], [46], [57], [69], [80], [91], [103], [114], [126], [137], [149], [160], [172], [184], [195], [208], [222], [228], [236], [249], [260], [272], [284], [296], [307], [319], [331], [341], [352], [359]]
blank badges [[12], [23], [34], [46], [57], [68], [79], [90], [102], [112], [124], [134], [146], [158], [169], [180], [191], [203], [219], [225], [230], [242], [254], [265], [277], [288], [300], [311], [322], [333], [344], [353], [361]]
scanner batt [[9], [20], [32], [44], [55], [67], [77], [89], [102], [111], [124], [135], [146], [159], [181], [193], [205], [221], [227], [234], [245], [257], [270], [281], [293], [305], [316], [328], [338], [349], [356]]
meat trays [[7], [19], [30], [42], [53], [64], [87], [98], [109], [120], [131], [142], [154], [166], [176], [188], [200], [211], [217], [223], [229], [238], [250], [262], [273], [285], [296], [307], [319], [330], [340], [350], [357]]
produce bags [[7], [19], [31], [42], [53], [65], [87], [98], [109], [120], [131], [143], [154], [166], [177], [188], [201], [212], [218], [223], [229], [240], [251], [263], [275], [286], [298], [309], [320], [332], [342], [352], [360]]
soap [[11], [23], [34], [46], [57], [68], [79], [90], [102], [112], [124], [135], [146], [159], [170], [181], [193], [204], [214], [220], [226], [232], [244], [256], [267], [279], [291], [302], [313], [325], [335], [346], [355], [363]]
