toilet paper [[7], [19], [30], [41], [55], [65], [76], [87], [99], [109], [121], [132], [143], [155], [166], [176], [189], [199], [211], [217], [225], [242], [254], [265], [276], [287], [299], [309], [321], [332], [342], [353], [363]]
paper towel [[10], [21], [33], [45], [56], [65], [76], [87], [100], [110], [122], [132], [143], [155], [166], [176], [189], [199], [211], [217], [225], [241], [254], [265], [277], [287], [299], [309], [321], [332], [342], [353], [362]]
cleaner [[20], [32], [49], [60], [71], [83], [96], [108], [121], [133], [146], [158], [171], [183], [197], [209], [216], [224], [242], [255], [268], [280], [293], [304], [318], [330], [342], [353], [364]]
plastic bags [[10], [21], [33], [44], [56], [65], [76], [87], [99], [109], [121], [132], [143], [154], [165], [175], [187], [198], [209], [216], [223], [237], [253], [263], [275], [286], [296], [307], [318], [329], [339], [351], [359]]
light bulbs [[9], [21], [32], [43], [57], [67], [77], [88], [101], [111], [123], [133], [145], [157], [167], [178], [190], [201], [219], [246], [258], [269], [280], [292], [302], [313], [325], [335], [346], [356]]
box cutters [[6], [17], [29], [39], [54], [63], [74], [84], [95], [106], [118], [128], [140], [151], [163], [173], [184], [196], [207], [222], [233], [252], [263], [274], [285], [295], [306], [318], [329], [339], [350], [358]]
office chair [[12], [23], [37], [52], [61], [73], [84], [96], [108], [120], [132], [144], [157], [168], [180], [192], [205], [214], [221], [231], [254], [266], [278], [290], [302], [312], [326], [336], [348], [357]]
pens [[9], [20], [31], [42], [56], [65], [76], [87], [99], [109], [121], [131], [143], [154], [165], [175], [187], [198], [209], [216], [223], [237], [253], [263], [275], [286], [296], [307], [318], [329], [339], [350], [358]]
printer paper [[13], [24], [37], [52], [61], [72], [83], [95], [106], [118], [129], [141], [153], [165], [175], [188], [199], [211], [217], [225], [243], [254], [266], [277], [288], [301], [311], [324], [334], [345]]
blank badges [[13], [24], [36], [50], [59], [69], [79], [91], [102], [112], [124], [134], [146], [157], [168], [178], [190], [201], [212], [218], [226], [244], [255], [266], [277], [287], [299], [309], [321], [332], [342], [353], [362]]
scanner batt [[10], [22], [34], [48], [57], [68], [78], [90], [102], [112], [125], [135], [148], [159], [171], [182], [195], [206], [222], [233], [253], [264], [277], [287], [300], [310], [323], [333], [344], [355]]
meat trays [[9], [21], [32], [43], [56], [65], [76], [87], [99], [109], [120], [131], [142], [153], [165], [175], [187], [198], [208], [215], [236], [252], [263], [274], [285], [295], [306], [318], [329], [338], [350], [358]]
produce bags [[8], [20], [31], [41], [55], [65], [76], [87], [99], [109], [120], [131], [143], [154], [165], [175], [188], [198], [209], [216], [223], [237], [253], [264], [276], [286], [297], [308], [319], [331], [341], [352], [361]]
soap [[10], [21], [32], [44], [56], [66], [76], [87], [100], [110], [122], [132], [144], [156], [166], [176], [189], [199], [211], [217], [225], [241], [254], [265], [277], [287], [299], [309], [321], [332], [342], [353], [363]]
wrenches [[10], [22], [35], [49], [59], [70], [81], [94], [105], [118], [129], [142], [154], [166], [177], [190], [202], [213], [220], [229], [251], [263], [275], [287], [299], [310], [323], [334], [345], [356]]
water bottles [[5], [15], [28], [38], [52], [61], [71], [81], [93], [104], [115], [127], [137], [149], [159], [171], [182], [194], [205], [214], [251], [262], [273], [284], [295], [305], [317], [328], [338], [349], [357]]
keyboards [[9], [21], [32], [44], [57], [67], [77], [90], [101], [111], [124], [134], [147], [158], [169], [180], [192], [204], [252], [263], [275], [286], [297], [308], [320], [331], [342], [353], [363]]
photo paper [[7], [19], [30], [41], [55], [64], [75], [86], [97], [108], [119], [130], [142], [152], [164], [174], [185], [197], [207], [215], [222], [234], [252], [263], [274], [285], [295], [306], [318], [328], [338], [350], [358]]
plastic wrap [[9], [21], [32], [43], [56], [65], [76], [87], [100], [110], [121], [132], [143], [155], [166], [176], [188], [199], [210], [216], [224], [239], [253], [264], [276], [286], [297], [308], [319], [331], [341], [352], [361]]
