toilet paper [[8], [20], [31], [41], [56], [65], [76], [87], [99], [109], [121], [132], [143], [155], [166], [175], [188], [199], [210], [216], [224], [239], [254], [264], [276], [287], [298], [309], [320], [331], [342], [353], [362]]
paper towel [[7], [19], [30], [40], [55], [64], [86], [99], [109], [120], [131], [143], [154], [165], [175], [188], [198], [209], [216], [223], [238], [253], [263], [275], [286], [297], [308], [319], [331], [341], [352], [360]]
cleaner [[20], [32], [49], [60], [71], [83], [96], [108], [121], [133], [146], [158], [171], [183], [197], [209], [216], [224], [242], [255], [268], [280], [293], [304], [318], [330], [342], [353], [364]]
plastic bags [[7], [19], [30], [40], [55], [63], [75], [86], [97], [108], [119], [130], [141], [153], [164], [174], [186], [197], [208], [215], [236], [252], [263], [274], [285], [295], [306], [318], [329], [338], [350], [358]]
light bulbs [[10], [21], [32], [44], [56], [66], [76], [87], [100], [110], [122], [132], [144], [156], [166], [176], [189], [199], [211], [217], [225], [241], [254], [265], [277], [287], [299], [309], [321], [332], [342], [353], [363]]
box cutters [[13], [24], [36], [50], [59], [69], [79], [92], [102], [112], [125], [135], [147], [158], [168], [179], [191], [202], [219], [246], [257], [269], [279], [291], [302], [311], [324], [334], [345], [355]]
office chair [[12], [23], [37], [52], [61], [73], [84], [96], [108], [120], [132], [144], [157], [168], [180], [192], [205], [214], [221], [231], [254], [266], [278], [290], [302], [312], [326], [336], [348], [357]]
pens [[7], [19], [30], [40], [55], [63], [75], [85], [97], [108], [119], [129], [141], [153], [164], [174], [186], [197], [207], [215], [222], [234], [253], [263], [274], [285], [296], [307], [318], [329], [339], [350], [358]]
printer paper [[13], [24], [37], [52], [61], [72], [83], [95], [106], [118], [129], [141], [153], [165], [175], [188], [199], [211], [217], [225], [243], [254], [266], [277], [288], [301], [311], [324], [334], [345]]
blank badges [[9], [21], [31], [43], [56], [65], [76], [86], [99], [109], [120], [131], [142], [153], [165], [174], [186], [197], [208], [215], [236], [252], [263], [274], [285], [295], [306], [318], [329], [338], [350], [358]]
scanner batt [[12], [23], [36], [50], [59], [70], [80], [93], [103], [115], [127], [138], [150], [161], [172], [184], [196], [207], [222], [233], [253], [264], [276], [287], [299], [309], [321], [332], [343], [354]]
meat trays [[6], [18], [29], [39], [54], [63], [74], [84], [95], [106], [118], [128], [140], [151], [162], [173], [184], [196], [206], [222], [232], [253], [263], [274], [285], [296], [307], [318], [329], [339], [350], [358]]
produce bags [[10], [21], [32], [43], [57], [67], [77], [88], [101], [110], [123], [133], [144], [156], [167], [177], [189], [200], [212], [218], [226], [244], [254], [266], [277], [287], [299], [309], [321], [332], [342], [353], [363]]
soap [[8], [20], [31], [42], [56], [65], [76], [87], [100], [110], [122], [132], [143], [155], [166], [176], [189], [199], [211], [217], [225], [241], [254], [265], [277], [287], [299], [309], [321], [332], [342], [353], [362]]
wrenches [[10], [22], [35], [49], [59], [70], [81], [94], [105], [118], [129], [142], [154], [166], [177], [190], [202], [213], [220], [229], [251], [263], [275], [287], [299], [310], [323], [334], [345], [356]]
water bottles [[5], [15], [28], [38], [52], [61], [71], [81], [93], [103], [115], [127], [137], [149], [159], [171], [182], [193], [205], [220], [229], [250], [261], [271], [283], [294], [304], [316], [327], [338], [349], [357]]
keyboards [[9], [21], [32], [44], [57], [67], [77], [90], [101], [111], [124], [134], [147], [158], [169], [180], [192], [204], [252], [263], [275], [286], [297], [308], [320], [331], [342], [353], [363]]
photo paper [[7], [19], [30], [40], [55], [63], [75], [86], [97], [108], [119], [129], [141], [153], [164], [174], [186], [197], [207], [215], [222], [234], [253], [263], [274], [285], [296], [307], [318], [329], [339], [350], [358]]
plastic wrap [[13], [24], [37], [50], [60], [70], [80], [93], [103], [115], [126], [136], [149], [159], [171], [182], [194], [205], [214], [221], [230], [252], [262], [273], [285], [295], [306], [318], [329], [339], [350], [358]]
