toilet paper [[8], [20], [32], [43], [54], [66], [76], [88], [100], [110], [122], [132], [145], [156], [167], [179], [190], [202], [213], [219], [224], [230], [242], [253], [265], [277], [289], [300], [311], [323], [334], [345], [354], [361]]
paper towel [[7], [19], [31], [42], [53], [64], [87], [98], [109], [120], [131], [143], [154], [166], [177], [188], [201], [212], [218], [223], [229], [240], [251], [263], [275], [286], [298], [309], [320], [331], [342], [352], [360]]
cleaner [[20], [33], [46], [59], [72], [83], [96], [108], [121], [133], [146], [159], [172], [185], [198], [210], [217], [223], [243], [256], [269], [282], [294], [307], [320], [332], [344], [363]]
plastic bags [[12], [23], [34], [46], [57], [68], [79], [90], [102], [112], [124], [134], [146], [158], [169], [180], [191], [202], [219], [225], [230], [242], [254], [265], [277], [288], [300], [311], [322], [333], [344], [353], [361]]
light bulbs [[9], [20], [32], [44], [55], [67], [76], [89], [100], [110], [122], [133], [145], [156], [168], [179], [190], [202], [213], [219], [224], [230], [242], [253], [265], [277], [289], [300], [311], [323], [334], [344], [354], [361]]
box cutters [[15], [27], [39], [49], [61], [73], [83], [95], [105], [117], [129], [139], [151], [163], [173], [185], [197], [208], [216], [222], [228], [236], [248], [260], [271], [283], [295], [306], [317], [329], [339], [349], [357]]
office chair [[12], [25], [38], [49], [62], [75], [87], [99], [110], [123], [135], [148], [160], [173], [186], [198], [211], [217], [223], [242], [255], [268], [280], [293], [305], [318], [341], [360]]
pens [[8], [19], [31], [42], [54], [65], [87], [98], [109], [120], [131], [143], [154], [166], [176], [188], [200], [211], [217], [223], [229], [239], [250], [262], [273], [285], [297], [307], [319], [331], [341], [351], [358]]
printer paper [[9], [21], [33], [45], [56], [68], [79], [90], [103], [113], [125], [136], [148], [160], [171], [183], [195], [207], [215], [221], [227], [235], [247], [259], [271], [283], [294], [306], [318], [329], [340], [351], [357]]
blank badges [[14], [26], [37], [48], [60], [71], [81], [93], [115], [126], [137], [149], [160], [171], [182], [194], [206], [221], [226], [233], [244], [257], [268], [279], [291], [303], [313], [325], [335], [346], [355], [363]]
scanner batt [[12], [25], [36], [47], [60], [72], [82], [94], [104], [117], [129], [139], [152], [164], [175], [187], [199], [211], [217], [223], [229], [240], [251], [264], [276], [287], [300], [311], [323], [334], [345], [363]]
meat trays [[8], [19], [31], [42], [53], [65], [87], [98], [109], [120], [131], [143], [154], [166], [176], [188], [200], [211], [217], [223], [229], [238], [250], [262], [273], [285], [296], [307], [319], [330], [340], [350], [357]]
produce bags [[9], [20], [32], [43], [54], [66], [76], [88], [99], [110], [122], [132], [144], [155], [167], [178], [189], [201], [213], [218], [224], [241], [252], [264], [276], [287], [299], [310], [321], [333], [343], [353], [360]]
soap [[10], [21], [33], [45], [55], [67], [77], [89], [101], [111], [123], [134], [146], [158], [169], [180], [192], [204], [214], [220], [225], [232], [243], [256], [267], [279], [291], [302], [313], [325], [335], [346], [355], [363]]
