toilet paper [[8], [20], [31], [42], [51], [61], [70], [79], [87], [96], [104], [112], [119], [127], [134], [141], [147], [154], [160], [167], [173], [179], [184], [190], [197], [203], [208], [213], [215], [218], [220], [224], [232], [235], [240], [243], [248], [251], [256], [259], [264], [267], [272], [275], [280], [283], [288], [291], [296], [299], [305]]
paper towel [[13], [23], [35], [45], [54], [64], [74], [82], [91], [100], [107], [115], [122], [129], [135], [142], [149], [156], [163], [169], [175], [181], [187], [192], [198], [205], [210], [214], [216], [219], [222], [225], [232], [235], [240], [243], [248], [251], [256], [259], [264], [267], [272], [275], [280], [283], [288], [291], [296], [299], [305]]
cleaner [[19], [30], [42], [53], [63], [75], [84], [94], [104], [113], [123], [130], [137], [144], [152], [159], [167], [173], [180], [187], [193], [199], [206], [215], [217], [221], [224], [232], [235], [240], [243], [248], [251], [256], [259], [264], [267], [272], [275], [280], [283], [288], [291], [296], [299], [305]]
plastic bags [[16], [28], [38], [47], [58], [68], [76], [85], [93], [102], [109], [116], [124], [130], [137], [143], [150], [157], [164], [170], [175], [181], [187], [193], [199], [205], [210], [214], [216], [219], [222], [225], [232], [235], [240], [243], [248], [251], [256], [259], [264], [267], [272], [275], [280], [283], [288], [291], [296], [299], [305]]
light bulbs [[7], [19], [30], [41], [51], [61], [70], [78], [87], [95], [104], [111], [119], [126], [133], [140], [146], [153], [159], [166], [172], [178], [183], [190], [196], [202], [207], [213], [215], [218], [221], [224], [232], [235], [240], [243], [248], [251], [256], [259], [264], [267], [272], [275], [280], [283], [288], [291], [296], [299], [305]]
box cutters [[12], [22], [33], [54], [63], [73], [81], [90], [99], [106], [114], [121], [128], [135], [142], [148], [155], [161], [168], [174], [180], [185], [191], [197], [203], [209], [216], [218], [220], [224], [232], [235], [240], [243], [248], [251], [256], [259], [264], [267], [272], [275], [280], [283], [288], [291], [296], [299], [305]]
office chair [[7], [19], [30], [42], [52], [62], [73], [82], [91], [100], [108], [116], [125], [132], [139], [145], [152], [159], [166], [173], [179], [185], [191], [197], [204], [209], [216], [218], [220], [224], [232], [235], [240], [243], [248], [251], [256], [259], [264], [267], [272], [275], [280], [283], [288], [291], [296], [299], [305]]
pens [[11], [22], [32], [44], [53], [62], [71], [79], [88], [97], [104], [112], [119], [127], [134], [140], [147], [153], [160], [166], [173], [178], [184], [190], [196], [202], [207], [213], [215], [217], [221], [224], [232], [235], [240], [243], [248], [251], [256], [259], [264], [267], [272], [275], [280], [283], [288], [291], [296], [299], [305]]
printer paper [[13], [23], [35], [45], [55], [65], [84], [93], [102], [109], [117], [125], [131], [138], [144], [151], [158], [165], [172], [178], [183], [190], [196], [201], [207], [213], [215], [217], [221], [224], [232], [235], [240], [243], [248], [251], [256], [259], [264], [267], [272], [275], [280], [283], [288], [291], [296], [299], [305]]
blank badges [[10], [21], [31], [43], [52], [62], [71], [79], [87], [96], [104], [111], [119], [126], [133], [140], [146], [152], [159], [166], [172], [178], [183], [189], [195], [201], [207], [215], [217], [221], [224], [232], [235], [240], [243], [248], [251], [256], [259], [264], [267], [272], [275], [280], [283], [288], [291], [296], [299], [305]]
scanner batt [[7], [18], [29], [40], [50], [60], [70], [78], [87], [96], [104], [111], [119], [127], [134], [141], [148], [154], [160], [167], [173], [180], [185], [191], [197], [204], [209], [216], [218], [220], [224], [232], [235], [240], [243], [248], [251], [256], [259], [264], [267], [272], [275], [280], [283], [288], [291], [296], [299], [305]]
meat trays [[11], [22], [32], [44], [53], [62], [71], [79], [88], [96], [104], [112], [119], [127], [133], [140], [147], [153], [159], [166], [172], [178], [183], [190], [196], [201], [207], [215], [217], [219], [221], [224], [232], [235], [240], [243], [248], [251], [256], [259], [264], [267], [272], [275], [280], [283], [288], [291], [296], [299], [305]]
produce bags [[8], [20], [30], [41], [51], [61], [70], [78], [87], [95], [104], [111], [119], [126], [133], [140], [146], [152], [159], [166], [172], [178], [183], [189], [196], [201], [207], [215], [217], [221], [224], [232], [235], [240], [243], [248], [251], [256], [259], [264], [267], [272], [275], [280], [283], [288], [291], [296], [299], [305]]
soap [[9], [20], [31], [42], [52], [61], [71], [79], [87], [96], [104], [112], [119], [127], [134], [141], [147], [154], [160], [167], [173], [179], [184], [190], [197], [202], [208], [213], [215], [218], [221], [224], [232], [235], [240], [243], [248], [251], [256], [259], [264], [267], [272], [275], [280], [283], [288], [291], [296], [299], [305]]
