toilet paper [[6], [19], [30], [41], [53], [64], [87], [98], [109], [121], [132], [144], [155], [167], [178], [189], [201], [213], [218], [224], [241], [252], [264], [276], [288], [299], [311], [322], [333], [344], [353], [361]]
paper towel [[8], [20], [32], [43], [54], [66], [76], [88], [99], [110], [121], [132], [144], [155], [167], [178], [189], [201], [213], [218], [224], [241], [252], [264], [276], [287], [299], [310], [321], [333], [343], [353], [360]]
cleaner [[8], [20], [33], [45], [56], [68], [80], [91], [116], [128], [139], [152], [164], [175], [187], [200], [212], [218], [242], [254], [266], [278], [291], [303], [314], [327], [338], [348], [356]]
plastic bags [[13], [25], [36], [47], [58], [69], [80], [91], [103], [113], [125], [136], [147], [159], [170], [181], [193], [204], [214], [220], [226], [232], [243], [255], [266], [278], [290], [301], [312], [323], [334], [345], [354], [361]]
light bulbs [[10], [21], [33], [45], [55], [67], [77], [89], [101], [111], [123], [134], [146], [158], [169], [180], [192], [204], [214], [220], [225], [232], [243], [256], [267], [279], [291], [302], [313], [325], [335], [346], [355], [363]]
box cutters [[12], [24], [35], [46], [58], [69], [80], [91], [103], [113], [125], [136], [147], [159], [171], [181], [193], [204], [214], [220], [226], [232], [244], [256], [267], [279], [291], [302], [313], [325], [335], [345], [362]]
office chair [[20], [33], [46], [59], [72], [83], [96], [108], [121], [133], [146], [159], [172], [185], [198], [210], [217], [223], [243], [256], [269], [282], [294], [307], [320], [332], [344], [363]]
pens [[8], [20], [32], [43], [54], [66], [76], [88], [99], [109], [121], [131], [143], [154], [166], [177], [188], [200], [211], [217], [223], [229], [239], [251], [263], [274], [285], [297], [307], [320], [331], [341], [352], [358]]
printer paper [[15], [27], [40], [51], [62], [75], [85], [97], [108], [119], [131], [143], [155], [167], [178], [190], [202], [213], [219], [225], [230], [243], [255], [266], [279], [291], [303], [314], [326], [337], [347]]
blank badges [[11], [22], [34], [45], [56], [68], [78], [90], [101], [111], [123], [133], [145], [157], [168], [179], [191], [202], [213], [219], [224], [230], [242], [253], [264], [276], [287], [299], [310], [321], [333], [343], [353], [360]]
scanner batt [[15], [27], [39], [50], [62], [74], [85], [97], [108], [119], [131], [143], [154], [166], [178], [189], [201], [213], [219], [224], [230], [242], [254], [265], [278], [290], [301], [313], [325], [335], [346], [355], [363]]
meat trays [[13], [25], [36], [47], [58], [69], [80], [91], [103], [113], [125], [136], [147], [159], [170], [181], [193], [204], [214], [220], [225], [231], [243], [255], [266], [278], [289], [300], [312], [323], [334], [344], [354], [361]]
produce bags [[8], [20], [32], [43], [54], [66], [76], [88], [99], [110], [121], [132], [144], [155], [167], [178], [189], [201], [213], [218], [224], [241], [252], [264], [276], [287], [299], [310], [321], [333], [343], [353], [360]]
soap [[8], [20], [32], [43], [54], [66], [76], [88], [100], [110], [122], [132], [145], [156], [167], [179], [190], [202], [213], [219], [224], [230], [242], [253], [265], [277], [289], [300], [312], [323], [334], [345], [354], [361]]
