toilet paper [[6], [18], [29], [39], [54], [63], [75], [85], [97], [108], [119], [130], [142], [153], [164], [174], [187], [198], [208], [236], [253], [263], [275], [286], [297], [308], [319], [330], [341], [352], [360]]
paper towel [[9], [21], [32], [43], [56], [66], [76], [87], [100], [110], [122], [133], [144], [156], [166], [177], [189], [199], [211], [217], [225], [242], [254], [264], [276], [287], [298], [309], [320], [331], [342], [353], [362]]
cleaner [[12], [23], [37], [52], [61], [73], [84], [96], [108], [120], [132], [144], [157], [168], [180], [192], [205], [214], [221], [231], [254], [266], [278], [290], [302], [312], [326], [336], [348], [357]]
plastic bags [[12], [23], [35], [48], [57], [67], [77], [88], [100], [110], [122], [133], [144], [156], [166], [176], [188], [199], [210], [216], [224], [239], [253], [264], [275], [286], [297], [308], [319], [330], [341], [352], [360]]
light bulbs [[7], [19], [31], [41], [55], [65], [76], [87], [99], [109], [121], [132], [143], [155], [166], [175], [188], [199], [210], [216], [224], [239], [254], [264], [276], [287], [298], [309], [320], [331], [342], [353], [362]]
box cutters [[6], [17], [29], [39], [54], [62], [73], [84], [95], [105], [117], [128], [140], [151], [163], [173], [184], [196], [206], [222], [233], [252], [263], [274], [285], [296], [306], [318], [329], [339], [350], [358]]
office chair [[7], [20], [32], [44], [58], [68], [78], [92], [103], [115], [127], [139], [151], [163], [174], [187], [198], [210], [217], [225], [243], [254], [266], [278], [290], [301], [312], [325], [335], [347]]
pens [[9], [21], [32], [43], [56], [65], [76], [87], [99], [109], [121], [132], [143], [154], [165], [175], [187], [198], [209], [216], [223], [237], [253], [263], [275], [286], [297], [308], [319], [330], [341], [352], [360]]
printer paper [[7], [18], [30], [41], [55], [64], [76], [87], [99], [110], [122], [132], [144], [156], [167], [177], [190], [201], [212], [218], [227], [245], [255], [268], [278], [290], [301], [311], [324], [334], [345]]
blank badges [[7], [18], [30], [40], [55], [63], [75], [85], [97], [108], [119], [129], [141], [152], [164], [174], [186], [197], [207], [215], [222], [234], [252], [263], [274], [285], [296], [306], [318], [329], [339], [350], [358]]
scanner batt [[15], [27], [38], [53], [62], [73], [84], [95], [106], [118], [129], [141], [154], [165], [175], [188], [199], [211], [217], [225], [242], [254], [265], [277], [288], [300], [310], [323], [333], [344], [355]]
meat trays [[6], [18], [29], [39], [54], [63], [74], [84], [95], [106], [118], [128], [140], [151], [162], [173], [184], [196], [206], [222], [232], [253], [263], [274], [285], [296], [307], [318], [329], [339], [350], [358]]
produce bags [[7], [18], [30], [40], [55], [63], [75], [86], [98], [108], [119], [130], [142], [153], [164], [174], [186], [197], [208], [215], [236], [252], [263], [274], [285], [296], [307], [318], [330], [340], [351], [359]]
soap [[7], [19], [31], [41], [55], [65], [76], [87], [99], [109], [121], [132], [143], [155], [166], [175], [188], [199], [210], [216], [224], [239], [254], [264], [276], [287], [298], [309], [320], [331], [342], [353], [362]]
wrenches [[10], [22], [35], [49], [59], [70], [81], [94], [105], [118], [129], [142], [154], [166], [177], [190], [202], [213], [220], [229], [251], [263], [275], [287], [299], [310], [323], [334], [345], [356]]
water bottles [[14], [24], [37], [50], [59], [69], [79], [91], [102], [112], [124], [134], [146], [157], [168], [178], [190], [201], [212], [218], [226], [244], [255], [266], [277], [287], [299], [309], [321], [332], [342], [353], [362]]
keyboards [[9], [21], [32], [44], [57], [67], [77], [90], [101], [111], [124], [134], [147], [158], [169], [180], [192], [204], [252], [263], [275], [286], [297], [308], [320], [331], [342], [353], [363]]
photo paper [[13], [24], [36], [50], [59], [69], [79], [91], [102], [111], [124], [134], [146], [157], [167], [178], [190], [200], [212], [218], [226], [244], [254], [265], [277], [287], [299], [309], [320], [331], [342], [352], [361]]
plastic wrap [[12], [22], [34], [48], [57], [67], [77], [88], [101], [111], [123], [133], [145], [156], [167], [177], [189], [200], [212], [218], [226], [244], [255], [266], [277], [288], [300], [310], [321], [332], [343], [353], [363]]
