toilet paper [[8], [20], [31], [42], [52], [63], [75], [86], [98], [108], [120], [131], [142], [153], [165], [175], [187], [198], [209], [216], [223], [237], [253], [264], [276], [286], [298], [308], [319], [331], [341], [352], [361]]
paper towel [[7], [18], [29], [40], [50], [62], [73], [83], [95], [105], [117], [128], [140], [151], [163], [173], [184], [196], [207], [222], [233], [252], [263], [274], [285], [296], [307], [318], [330], [340], [351], [359]]
cleaner [[12], [23], [36], [46], [59], [71], [82], [95], [106], [119], [130], [143], [155], [167], [178], [191], [203], [213], [220], [229], [252], [263], [276], [287], [300], [311], [324], [335], [346], [356]]
plastic bags [[13], [24], [36], [46], [57], [69], [79], [91], [102], [112], [124], [134], [146], [157], [167], [178], [190], [201], [212], [218], [226], [244], [254], [266], [277], [287], [299], [309], [320], [331], [342], [353], [361]]
light bulbs [[8], [20], [31], [42], [52], [63], [75], [86], [98], [108], [119], [130], [142], [153], [165], [175], [187], [198], [209], [216], [223], [237], [253], [264], [276], [286], [298], [308], [319], [331], [342], [352], [361]]
box cutters [[7], [18], [29], [39], [50], [62], [72], [83], [94], [104], [117], [127], [138], [150], [160], [171], [183], [195], [206], [214], [221], [230], [252], [263], [274], [285], [296], [306], [318], [329], [339], [350], [358]]
office chair [[20], [31], [57], [70], [82], [95], [107], [119], [132], [144], [157], [170], [182], [196], [207], [223], [239], [255], [268], [279], [293], [304], [317], [330], [341], [353], [364]]
pens [[7], [18], [29], [40], [50], [62], [73], [83], [94], [105], [117], [127], [138], [150], [160], [171], [183], [195], [206], [214], [221], [230], [252], [262], [274], [285], [295], [306], [318], [328], [338], [350], [358]]
printer paper [[15], [26], [38], [47], [60], [71], [82], [94], [104], [117], [127], [139], [151], [162], [173], [185], [197], [207], [215], [236], [253], [264], [276], [287], [299], [309], [321], [332], [343], [354]]
blank badges [[10], [21], [32], [44], [54], [65], [76], [87], [99], [109], [121], [132], [143], [154], [165], [175], [187], [198], [209], [216], [223], [237], [253], [263], [275], [286], [296], [307], [318], [330], [340], [351], [359]]
scanner batt [[12], [23], [35], [45], [57], [69], [79], [92], [103], [115], [127], [137], [150], [161], [172], [183], [196], [207], [215], [222], [235], [253], [263], [276], [286], [298], [309], [320], [332], [343], [353], [364]]
meat trays [[12], [23], [34], [55], [68], [77], [89], [100], [110], [122], [133], [144], [155], [166], [176], [188], [199], [210], [216], [224], [239], [253], [263], [275], [286], [297], [307], [319], [330], [340], [351], [359]]
produce bags [[7], [19], [30], [40], [51], [62], [74], [84], [95], [106], [118], [128], [140], [151], [163], [173], [185], [196], [207], [222], [233], [252], [263], [274], [285], [296], [307], [318], [329], [339], [351], [359]]
soap [[7], [19], [30], [41], [52], [63], [74], [85], [96], [107], [118], [129], [141], [152], [164], [174], [186], [197], [208], [215], [236], [253], [263], [275], [286], [297], [308], [319], [330], [341], [352], [360]]
