toilet paper [[15], [27], [39], [49], [61], [73], [83], [95], [104], [117], [128], [139], [151], [162], [173], [185], [196], [208], [222], [228], [236], [248], [259], [271], [283], [294], [305], [317], [328], [339], [349], [356]]
paper towel [[7], [19], [31], [42], [54], [65], [76], [87], [99], [109], [121], [132], [144], [155], [167], [178], [189], [201], [213], [218], [224], [241], [252], [264], [276], [287], [299], [310], [321], [333], [343], [353], [360]]
cleaner [[8], [20], [33], [45], [56], [68], [80], [91], [116], [128], [139], [152], [164], [175], [187], [200], [212], [218], [242], [254], [266], [278], [291], [303], [314], [327], [338], [348], [356]]
plastic bags [[12], [24], [35], [46], [58], [69], [80], [91], [103], [112], [124], [135], [146], [158], [170], [180], [192], [203], [214], [220], [225], [231], [243], [254], [265], [278], [289], [300], [312], [323], [334], [344], [354], [361]]
light bulbs [[8], [20], [32], [43], [54], [66], [76], [88], [100], [110], [122], [132], [145], [156], [167], [179], [190], [202], [213], [219], [224], [230], [242], [253], [265], [277], [289], [300], [312], [323], [334], [345], [354], [361]]
box cutters [[13], [25], [36], [47], [59], [70], [81], [92], [115], [126], [137], [149], [160], [172], [183], [195], [207], [215], [221], [227], [234], [246], [257], [269], [280], [292], [304], [314], [327], [337], [347]]
office chair [[12], [25], [38], [49], [62], [75], [87], [99], [110], [123], [135], [148], [160], [173], [186], [198], [211], [217], [223], [242], [255], [268], [280], [293], [305], [318], [341], [360]]
pens [[8], [19], [31], [42], [54], [65], [87], [98], [109], [120], [131], [143], [154], [166], [176], [188], [200], [211], [217], [223], [229], [239], [250], [262], [273], [285], [297], [307], [319], [331], [341], [351], [358]]
printer paper [[11], [23], [34], [46], [57], [69], [80], [91], [103], [114], [126], [137], [149], [160], [172], [184], [195], [208], [222], [228], [236], [249], [260], [272], [284], [296], [307], [319], [331], [341], [352], [359]]
blank badges [[10], [21], [33], [45], [55], [67], [77], [89], [101], [111], [122], [132], [145], [156], [167], [179], [190], [201], [213], [218], [224], [241], [252], [264], [276], [287], [299], [309], [321], [332], [342], [352], [360]]
scanner batt [[9], [20], [32], [44], [55], [67], [77], [89], [102], [111], [124], [135], [146], [159], [181], [193], [205], [221], [227], [234], [245], [257], [270], [281], [293], [305], [316], [328], [338], [349], [356]]
meat trays [[12], [24], [35], [46], [58], [69], [80], [91], [103], [112], [124], [135], [146], [158], [170], [180], [192], [203], [214], [220], [225], [231], [243], [254], [265], [277], [289], [300], [311], [322], [333], [344], [353], [361]]
produce bags [[10], [21], [33], [45], [55], [67], [77], [89], [101], [111], [123], [133], [145], [157], [168], [179], [191], [202], [213], [219], [225], [230], [242], [253], [265], [277], [288], [300], [311], [322], [334], [344], [354], [361]]
soap [[8], [20], [32], [43], [54], [66], [76], [88], [100], [110], [122], [132], [145], [156], [167], [179], [190], [202], [213], [219], [224], [230], [242], [253], [265], [277], [289], [300], [312], [323], [334], [345], [354], [361]]
