toilet paper [[8], [20], [31], [42], [56], [66], [76], [87], [100], [110], [122], [133], [144], [156], [166], [177], [189], [199], [211], [217], [225], [241], [254], [265], [277], [287], [299], [309], [321], [332], [342], [353], [363]]
paper towel [[8], [20], [31], [42], [56], [65], [76], [87], [100], [110], [121], [132], [143], [155], [166], [176], [189], [199], [211], [217], [225], [241], [254], [265], [277], [287], [299], [309], [321], [332], [342], [353], [362]]
cleaner [[12], [23], [37], [52], [61], [73], [84], [96], [108], [120], [132], [144], [157], [168], [180], [192], [205], [214], [221], [231], [254], [266], [278], [290], [302], [312], [326], [336], [348], [357]]
plastic bags [[6], [17], [29], [39], [53], [62], [73], [83], [95], [105], [117], [127], [138], [150], [160], [171], [183], [195], [206], [214], [221], [230], [252], [262], [273], [285], [295], [306], [318], [328], [338], [350], [358]]
light bulbs [[7], [19], [31], [41], [55], [65], [76], [87], [99], [109], [121], [132], [143], [155], [166], [175], [188], [199], [210], [216], [224], [239], [254], [264], [276], [287], [298], [309], [320], [331], [342], [353], [362]]
box cutters [[8], [20], [31], [41], [55], [65], [76], [86], [99], [109], [120], [131], [142], [154], [165], [175], [187], [198], [209], [216], [223], [237], [253], [263], [275], [286], [297], [308], [319], [330], [341], [352], [360]]
office chair [[7], [20], [32], [44], [58], [68], [78], [92], [103], [115], [127], [139], [151], [163], [174], [187], [198], [210], [217], [225], [243], [254], [266], [278], [290], [301], [312], [325], [335], [347]]
pens [[7], [18], [30], [40], [54], [63], [75], [85], [97], [108], [119], [129], [141], [153], [164], [174], [186], [197], [207], [215], [222], [234], [253], [263], [275], [285], [296], [307], [318], [329], [339], [351], [359]]
printer paper [[7], [19], [30], [41], [55], [64], [86], [99], [109], [120], [131], [143], [154], [165], [175], [188], [198], [209], [216], [223], [238], [253], [263], [275], [286], [297], [308], [319], [330], [341], [352], [360]]
blank badges [[7], [19], [30], [40], [55], [63], [75], [86], [97], [108], [119], [130], [142], [152], [164], [174], [185], [197], [207], [215], [222], [234], [252], [263], [274], [285], [295], [306], [318], [328], [338], [350], [358]]
scanner batt [[12], [23], [36], [50], [59], [70], [80], [93], [103], [115], [127], [138], [150], [161], [172], [184], [196], [207], [222], [233], [253], [264], [276], [287], [299], [309], [321], [332], [343], [354]]
meat trays [[8], [20], [31], [41], [55], [64], [86], [98], [109], [120], [131], [142], [153], [164], [174], [186], [197], [208], [215], [236], [252], [263], [274], [285], [295], [306], [318], [329], [338], [350], [358]]
produce bags [[11], [22], [34], [47], [56], [66], [76], [87], [100], [110], [122], [133], [144], [156], [166], [177], [189], [200], [212], [218], [226], [244], [254], [266], [277], [287], [299], [309], [321], [332], [343], [353], [363]]
soap [[11], [22], [33], [46], [56], [65], [76], [87], [100], [110], [122], [132], [143], [155], [166], [176], [189], [199], [211], [217], [225], [241], [254], [265], [276], [287], [299], [309], [320], [331], [342], [353], [362]]
wrenches [[16], [30], [42], [59], [70], [82], [95], [107], [119], [132], [144], [157], [170], [182], [196], [207], [223], [239], [255], [268], [279], [293], [304], [317], [330], [341], [353], [364]]
water bottles [[7], [19], [30], [41], [55], [64], [86], [98], [109], [120], [131], [142], [153], [165], [174], [186], [197], [208], [215], [236], [252], [263], [274], [285], [295], [306], [318], [329], [339], [350], [358]]
keyboards [[12], [23], [35], [49], [59], [70], [79], [92], [103], [115], [127], [138], [150], [162], [172], [184], [196], [207], [215], [222], [234], [253], [264], [276], [287], [299], [309], [322], [332], [343], [354]]
photo paper [[9], [21], [32], [43], [56], [65], [76], [87], [99], [109], [120], [131], [142], [153], [165], [175], [187], [198], [208], [215], [236], [252], [263], [274], [285], [295], [306], [318], [329], [338], [350], [358]]
plastic wrap [[14], [25], [37], [50], [59], [70], [79], [92], [102], [112], [125], [134], [147], [158], [168], [179], [190], [202], [219], [246], [257], [269], [279], [291], [302], [311], [324], [334], [345], [355]]
