toilet paper [[7, 8, 19], [18, 36, 19], [30, 23, 19], [41, 37, 19], [52, 35, 19], [63, 28, 19], [75, 37, 19], [86, 24, 19], [98, 20, 19], [109, 18, 19], [120, 20, 19], [131, 29, 19], [142, 35, 19], [154, 31, 19], [166, 18, 19], [176, 31, 19], [189, 12, 19], [199, 33, 19], [212, 23, 19], [217, 33, 38], [223, 5, 38], [229, 26, 38], [239, 17, 19], [251, 26, 19], [262, 32, 19], [274, 28, 19], [286, 15, 19], [297, 29, 19], [308, 37, 19], [319, 30, 19], [331, 20, 38], [341, 37, 19], [352, 1, 38], [359, 17, 19]]
paper towel [[7, 24, 24], [19, 34, 24], [30, 40, 24], [42, 34, 24], [53, 18, 24], [63, 44, 24], [76, 6, 48], [86, 36, 24], [98, 30, 24], [109, 26, 24], [120, 28, 24], [131, 38, 24], [142, 44, 24], [154, 38, 24], [166, 20, 24], [176, 36, 24], [188, 46, 24], [199, 36, 24], [211, 46, 24], [217, 34, 48], [229, 26, 48], [239, 14, 24], [251, 24, 24], [262, 30, 24], [273, 47, 24], [285, 44, 24], [296, 46, 24], [308, 32, 24], [319, 22, 24], [331, 8, 48], [341, 28, 24], [351, 30, 24], [358, 42, 24]]
cleaner [[13, 3, 3], [25, 5, 3], [38, 5, 3], [50, 4, 3], [63, 1, 3], [76, 1, 6], [87, 4, 3], [101, 3, 3], [112, 4, 3], [126, 2, 3], [137, 5, 3], [150, 5, 3], [164, 3, 3], [175, 3, 3], [189, 2, 3], [201, 4, 3], [213, 3, 6], [219, 4, 6], [225, 1, 6], [231, 3, 3], [245, 2, 3], [257, 4, 3], [270, 4, 3], [283, 5, 3], [295, 5, 3], [308, 5, 3], [320, 5, 3], [333, 4, 3], [344, 5, 3], [355, 2, 6], [364, 4, 3]]
plastic bags [[6, 254, 242], [17, 383, 242], [29, 319, 242], [40, 301, 242], [50, 481, 242], [62, 269, 242], [73, 398, 242], [84, 455, 242], [95, 316, 242], [106, 375, 242], [118, 163, 242], [129, 51, 484], [140, 350, 242], [151, 211, 242], [163, 270, 242], [173, 445, 242], [184, 427, 242], [197, 123, 242], [207, 347, 242], [215, 208, 484], [221, 458, 484], [227, 322, 484], [235, 352, 242], [246, 382, 242], [258, 272, 242], [269, 447, 242], [280, 429, 242], [293, 125, 242], [303, 349, 242], [314, 408, 242], [326, 196, 242], [336, 323, 242], [346, 385, 242], [355, 440, 484], [364, 373, 242]]
light bulbs [[9, 19, 18], [21, 18, 18], [32, 21, 18], [44, 30, 18], [54, 27, 18], [66, 24, 18], [77, 22, 18], [88, 25, 18], [100, 34, 18], [111, 10, 18], [123, 19, 18], [133, 35, 18], [145, 21, 18], [157, 20, 18], [168, 23, 18], [179, 32, 18], [191, 8, 18], [202, 35, 18], [213, 24, 36], [219, 16, 36], [224, 24, 36], [230, 23, 36], [242, 20, 18], [254, 8, 18], [265, 22, 18], [277, 21, 18], [288, 24, 18], [300, 33, 18], [311, 9, 18], [323, 18, 18], [333, 34, 18], [344, 19, 18], [353, 27, 36], [361, 25, 18]]
box cutters [[15, 23, 23], [27, 33, 23], [38, 40, 23], [48, 43, 23], [61, 19, 23], [71, 44, 23], [83, 31, 23], [94, 38, 23], [105, 31, 23], [117, 29, 23], [128, 31, 23], [139, 41, 23], [151, 9, 23], [162, 42, 23], [173, 39, 23], [184, 41, 23], [197, 17, 23], [207, 42, 23], [215, 31, 46], [228, 16, 46], [236, 44, 23], [247, 35, 23], [259, 45, 23], [271, 13, 23], [283, 23, 23], [294, 30, 23], [304, 45, 46], [317, 21, 23], [328, 23, 23], [338, 33, 46], [349, 30, 23], [357, 3, 46]]
office chair [[8, 5, 4], [21, 5, 4], [33, 6, 4], [45, 3, 8], [56, 7, 4], [69, 7, 4], [80, 7, 4], [93, 7, 4], [104, 7, 8], [117, 7, 4], [129, 4, 8], [141, 7, 4], [154, 5, 4], [166, 5, 4], [178, 5, 4], [190, 5, 4], [203, 5, 4], [220, 5, 8], [226, 2, 8], [233, 5, 4], [246, 2, 4], [258, 6, 4], [270, 6, 4], [283, 6, 4], [295, 4, 4], [307, 6, 4], [319, 4, 4], [331, 6, 8], [342, 6, 4], [353, 1, 8], [360, 6, 8]]
pens [[12, 89, 50], [23, 61, 50], [35, 75, 50], [45, 87, 100], [56, 84, 50], [68, 98, 50], [79, 20, 50], [90, 84, 50], [102, 41, 50], [112, 68, 50], [124, 82, 50], [134, 89, 50], [146, 68, 50], [158, 25, 50], [169, 53, 50], [180, 66, 50], [191, 38, 50], [203, 52, 50], [213, 64, 100], [219, 36, 100], [224, 56, 100], [230, 48, 100], [241, 76, 50], [253, 64, 50], [264, 61, 50], [276, 75, 50], [287, 47, 50], [299, 61, 50], [309, 98, 50], [320, 95, 50], [332, 59, 50], [342, 66, 50], [352, 43, 100], [359, 80, 50]]
printer paper [[15, 8, 6], [28, 8, 6], [39, 8, 6], [50, 11, 6], [62, 9, 6], [74, 11, 6], [86, 3, 6], [97, 10, 6], [109, 6, 6], [120, 9, 6], [132, 9, 6], [143, 9, 6], [156, 9, 6], [167, 9, 6], [179, 9, 6], [191, 3, 6], [203, 9, 6], [220, 6, 12], [225, 10, 12], [232, 6, 6], [245, 3, 6], [256, 6, 6], [269, 3, 6], [280, 6, 6], [293, 3, 6], [316, 6, 6], [327, 6, 6], [338, 6, 12], [349, 7, 6], [357, 2, 12]]
blank badges [[12, 149, 124], [23, 80, 124], [34, 236, 124], [45, 141, 248], [56, 134, 124], [68, 166, 124], [78, 183, 124], [90, 129, 124], [101, 220, 124], [111, 213, 124], [123, 245, 124], [134, 139, 124], [145, 207, 124], [157, 176, 124], [168, 169, 124], [179, 201, 124], [190, 218, 124], [202, 164, 124], [213, 69, 248], [219, 1, 248], [224, 52, 248], [230, 33, 248], [240, 224, 124], [253, 70, 124], [263, 187, 124], [275, 219, 124], [286, 236, 124], [298, 182, 124], [309, 149, 124], [320, 142, 124], [331, 174, 248], [342, 68, 124], [352, 12, 248], [359, 104, 124]]
scanner batt [[11, 7, 7], [22, 12, 7], [35, 8, 7], [45, 13, 14], [57, 11, 7], [70, 3, 7], [80, 11, 7], [93, 8, 7], [104, 5, 14], [116, 12, 7], [127, 13, 7], [139, 13, 7], [151, 7, 7], [164, 7, 7], [174, 12, 7], [187, 8, 7], [198, 13, 7], [211, 9, 7], [217, 7, 14], [229, 9, 14], [239, 9, 7], [252, 9, 7], [263, 10, 7], [276, 10, 7], [287, 11, 7], [300, 11, 7], [311, 5, 7], [323, 12, 7], [334, 10, 7], [345, 5, 14], [355, 4, 14], [363, 12, 7]]
meat trays [[12, 622, 316], [23, 440, 316], [35, 516, 316], [45, 586, 632], [56, 562, 316], [69, 164, 316], [79, 140, 316], [90, 532, 316], [102, 255, 316], [112, 420, 316], [124, 496, 316], [134, 537, 316], [146, 392, 316], [157, 620, 316], [168, 596, 316], [180, 356, 316], [191, 174, 316], [202, 566, 316], [213, 320, 632], [219, 142, 632], [224, 269, 632], [230, 217, 632], [241, 384, 316], [253, 300, 316], [263, 592, 316], [276, 352, 316], [287, 170, 316], [298, 562, 316], [309, 474, 316], [320, 450, 316], [331, 526, 632], [342, 252, 316], [352, 103, 632], [359, 333, 316]]
produce bags [[7, 40, 29], [19, 51, 29], [31, 9, 29], [42, 49, 29], [53, 29, 29], [64, 30, 29], [76, 12, 58], [86, 48, 29], [98, 39, 29], [109, 34, 29], [120, 35, 29], [131, 46, 29], [142, 53, 29], [154, 44, 29], [166, 22, 29], [176, 40, 29], [188, 51, 29], [199, 38, 29], [211, 49, 29], [217, 34, 58], [229, 31, 58], [239, 15, 29], [250, 55, 29], [262, 33, 29], [273, 52, 29], [285, 48, 29], [296, 49, 29], [308, 31, 29], [319, 18, 29], [341, 24, 29], [351, 25, 29], [358, 39, 29]]
soap [[11, 28, 15], [23, 8, 15], [35, 16, 15], [45, 22, 30], [56, 24, 15], [69, 10, 15], [79, 12, 15], [91, 20, 15], [102, 25, 15], [113, 22, 15], [125, 22, 15], [135, 24, 15], [148, 17, 15], [159, 12, 15], [171, 5, 30], [182, 10, 15], [193, 22, 15], [205, 22, 15], [214, 17, 30], [220, 28, 30], [226, 6, 30], [232, 23, 15], [245, 9, 15], [255, 26, 15], [268, 19, 15], [279, 14, 15], [291, 22, 15], [302, 27, 15], [313, 24, 15], [325, 24, 15], [335, 26, 15], [346, 19, 15], [355, 25, 30], [364, 23, 15]]
