toilet paper [[14], [25], [37], [51], [60], [70], [80], [93], [103], [115], [126], [137], [149], [159], [171], [182], [194], [205], [214], [221], [230], [252], [262], [273], [285], [295], [306], [318], [329], [339], [350], [358]]
paper towel [[11], [22], [34], [47], [57], [67], [77], [88], [101], [111], [123], [133], [145], [157], [167], [178], [190], [201], [219], [246], [258], [269], [280], [292], [302], [313], [325], [335], [346], [356]]
cleaner [[7], [20], [32], [44], [58], [68], [78], [92], [103], [115], [127], [139], [151], [163], [174], [187], [198], [210], [217], [225], [243], [254], [266], [278], [290], [301], [312], [325], [335], [347]]
plastic bags [[8], [20], [31], [42], [56], [65], [76], [86], [99], [109], [120], [131], [142], [153], [165], [174], [187], [197], [208], [215], [236], [252], [263], [274], [285], [295], [306], [318], [329], [338], [350], [358]]
light bulbs [[8], [20], [31], [42], [56], [65], [76], [87], [100], [110], [122], [132], [143], [155], [166], [176], [189], [199], [211], [217], [225], [241], [254], [265], [277], [287], [299], [309], [321], [332], [342], [353], [362]]
box cutters [[14], [26], [37], [51], [60], [71], [80], [93], [103], [115], [127], [137], [149], [160], [171], [182], [194], [205], [214], [221], [230], [252], [263], [274], [285], [295], [306], [318], [329], [339], [351], [359]]
office chair [[12], [23], [37], [52], [61], [73], [84], [96], [108], [120], [132], [144], [157], [168], [180], [192], [205], [214], [221], [231], [254], [266], [278], [290], [302], [312], [326], [336], [348], [357]]
pens [[7], [19], [30], [40], [55], [63], [75], [86], [97], [108], [119], [130], [142], [152], [164], [174], [186], [197], [207], [215], [222], [234], [253], [263], [274], [285], [296], [307], [318], [329], [339], [351], [358]]
printer paper [[7], [19], [30], [41], [55], [64], [86], [99], [109], [120], [131], [143], [154], [165], [175], [188], [198], [209], [216], [223], [238], [253], [263], [275], [286], [297], [308], [319], [330], [341], [352], [360]]
blank badges [[12], [22], [34], [47], [56], [65], [76], [87], [99], [109], [121], [131], [143], [154], [165], [175], [187], [198], [208], [215], [236], [252], [263], [274], [285], [295], [306], [318], [329], [338], [350], [358]]
scanner batt [[12], [23], [36], [50], [59], [70], [80], [93], [103], [115], [127], [138], [150], [161], [172], [184], [196], [207], [222], [233], [253], [264], [276], [287], [299], [309], [321], [332], [343], [354]]
meat trays [[12], [23], [35], [48], [57], [67], [77], [88], [100], [110], [122], [132], [143], [155], [166], [176], [188], [199], [210], [216], [224], [238], [254], [264], [276], [286], [297], [308], [319], [331], [341], [352], [360]]
produce bags [[7], [19], [30], [40], [55], [64], [86], [99], [109], [120], [131], [143], [154], [165], [175], [187], [198], [209], [216], [223], [237], [253], [264], [276], [286], [297], [308], [319], [331], [341], [352], [361]]
soap [[7], [19], [31], [41], [55], [65], [76], [87], [99], [109], [121], [132], [143], [155], [166], [175], [188], [199], [210], [216], [224], [239], [254], [264], [276], [287], [298], [309], [320], [331], [342], [353], [362]]
wrenches [[16], [30], [42], [59], [70], [82], [95], [107], [119], [132], [144], [157], [170], [182], [196], [207], [223], [239], [255], [268], [279], [293], [304], [317], [330], [341], [353], [364]]
water bottles [[8], [20], [31], [42], [55], [64], [76], [86], [98], [109], [120], [131], [142], [153], [165], [174], [186], [197], [208], [215], [236], [252], [263], [274], [285], [295], [306], [318], [329], [338], [350], [358]]
keyboards [[12], [23], [35], [49], [59], [70], [79], [92], [103], [115], [127], [138], [150], [162], [172], [184], [196], [207], [215], [222], [234], [253], [264], [276], [287], [299], [309], [322], [332], [343], [354]]
photo paper [[6], [17], [29], [39], [53], [62], [73], [83], [95], [105], [117], [127], [138], [150], [161], [171], [183], [195], [206], [214], [221], [230], [252], [262], [273], [285], [295], [306], [317], [328], [338], [350], [358]]
plastic wrap [[12], [23], [35], [49], [58], [68], [78], [90], [101], [111], [123], [133], [145], [156], [167], [178], [190], [200], [212], [218], [226], [244], [255], [266], [277], [288], [300], [310], [321], [332], [343], [353], [363]]
