toilet paper [[7], [18], [29], [40], [50], [61], [72], [83], [94], [104], [116], [126], [136], [148], [159], [170], [181], [191], [203], [213], [219], [224], [240], [252], [262], [274], [285], [295], [306], [317], [328], [338], [349], [356]]
paper towel [[12], [23], [34], [55], [66], [76], [87], [99], [109], [119], [130], [141], [152], [164], [174], [185], [196], [207], [215], [221], [227], [233], [245], [255], [267], [278], [289], [300], [310], [321], [332], [342], [352], [359]]
cleaner [[7], [20], [31], [44], [54], [66], [76], [87], [100], [110], [123], [133], [145], [157], [168], [180], [191], [204], [220], [225], [231], [243], [255], [267], [278], [290], [302], [313], [325], [335], [346], [355], [364]]
plastic bags [[11], [22], [33], [44], [54], [65], [76], [86], [97], [107], [118], [129], [140], [150], [161], [172], [182], [193], [205], [225], [230], [241], [252], [263], [274], [285], [296], [307], [318], [328], [338], [348], [356]]
light bulbs [[10], [21], [32], [44], [53], [64], [86], [97], [108], [118], [129], [140], [151], [162], [173], [183], [195], [206], [214], [220], [226], [231], [243], [254], [265], [276], [287], [299], [309], [319], [331], [341], [351], [357]]
box cutters [[12], [22], [34], [55], [66], [76], [87], [98], [109], [119], [130], [141], [151], [163], [173], [184], [196], [206], [221], [226], [233], [244], [255], [266], [277], [288], [300], [310], [320], [331], [341], [351], [358]]
office chair [[20], [31], [56], [69], [79], [93], [104], [117], [128], [141], [152], [165], [176], [189], [202], [213], [219], [225], [231], [244], [255], [269], [280], [293], [304], [317], [330], [341], [351], [359]]
pens [[11], [22], [32], [44], [53], [64], [86], [96], [107], [118], [129], [140], [150], [161], [172], [182], [194], [205], [214], [220], [225], [230], [241], [253], [263], [275], [286], [296], [307], [318], [329], [339], [349], [356]]
printer paper [[7], [18], [30], [40], [51], [62], [73], [84], [95], [105], [117], [128], [139], [150], [161], [172], [183], [194], [206], [214], [220], [231], [243], [254], [265], [277], [288], [300], [310], [321], [332], [342], [352], [359]]
blank badges [[8], [19], [30], [41], [51], [62], [73], [83], [94], [104], [115], [126], [136], [148], [158], [169], [180], [190], [201], [218], [223], [229], [238], [249], [261], [271], [283], [294], [304], [315], [326], [335], [345], [355], [362]]
scanner batt [[10], [22], [33], [55], [67], [77], [88], [101], [111], [123], [133], [144], [157], [167], [179], [190], [202], [218], [223], [240], [252], [263], [276], [287], [298], [309], [320], [332], [342], [352], [359]]
meat trays [[7], [19], [30], [40], [51], [62], [72], [83], [93], [104], [115], [126], [135], [147], [158], [168], [179], [190], [201], [212], [217], [229], [238], [248], [260], [271], [282], [293], [303], [314], [325], [335], [345], [354], [361]]
produce bags [[8], [20], [31], [42], [52], [63], [74], [84], [95], [105], [117], [127], [138], [149], [159], [171], [181], [192], [204], [213], [219], [224], [240], [252], [262], [273], [285], [295], [306], [317], [327], [338], [348], [356]]
soap [[7], [19], [30], [41], [52], [62], [73], [84], [95], [105], [116], [127], [138], [149], [159], [171], [182], [192], [204], [225], [230], [241], [253], [263], [275], [286], [297], [308], [319], [330], [340], [350], [357]]
