toilet paper [[8], [20], [31], [42], [52], [62], [73], [83], [94], [104], [116], [127], [136], [148], [158], [170], [180], [191], [202], [213], [218], [228], [235], [245], [256], [267], [278], [289], [300], [310], [320], [331], [341], [350], [356], [364]]
paper towel [[8], [20], [30], [41], [51], [62], [73], [82], [93], [104], [115], [126], [135], [146], [157], [168], [178], [189], [200], [212], [217], [227], [232], [242], [253], [264], [276], [286], [297], [308], [318], [329], [338], [347], [355], [361]]
cleaner [[7], [19], [31], [42], [52], [64], [76], [87], [99], [109], [121], [132], [143], [155], [166], [176], [188], [199], [211], [216], [221], [226], [231], [241], [253], [263], [275], [286], [296], [307], [317], [328], [338], [347], [355], [361]]
plastic bags [[15], [27], [38], [47], [58], [69], [78], [89], [100], [110], [120], [131], [141], [152], [164], [174], [184], [195], [206], [214], [224], [229], [237], [248], [260], [270], [281], [293], [303], [313], [325], [334], [343], [352], [358]]
light bulbs [[10], [21], [31], [43], [53], [63], [75], [85], [95], [106], [117], [127], [137], [148], [159], [171], [181], [191], [203], [213], [218], [228], [235], [245], [256], [267], [278], [289], [300], [310], [320], [331], [341], [350], [356], [364]]
box cutters [[6], [16], [28], [39], [48], [59], [70], [79], [90], [101], [111], [122], [132], [142], [153], [165], [174], [185], [196], [207], [220], [224], [229], [238], [249], [260], [271], [282], [293], [303], [314], [325], [335], [344], [353], [358]]
office chair [[12], [23], [35], [45], [56], [69], [80], [93], [104], [116], [127], [138], [151], [163], [174], [185], [197], [209], [215], [225], [230], [239], [251], [262], [273], [284], [295], [305], [316], [327], [337], [346], [355], [361]]
pens [[11], [22], [32], [44], [54], [64], [85], [96], [107], [117], [128], [138], [149], [160], [171], [181], [192], [204], [213], [218], [228], [235], [245], [256], [267], [278], [289], [300], [310], [320], [331], [340], [350], [356], [364]]
printer paper [[7], [18], [29], [40], [50], [61], [72], [82], [93], [104], [114], [126], [135], [147], [158], [168], [178], [189], [200], [212], [217], [227], [232], [242], [253], [264], [276], [286], [297], [308], [318], [329], [338], [347], [355], [362]]
blank badges [[14], [24], [36], [46], [56], [68], [77], [87], [100], [109], [119], [130], [141], [151], [163], [173], [183], [195], [206], [214], [224], [229], [237], [248], [260], [270], [281], [293], [303], [313], [325], [334], [343], [352], [358]]
scanner batt [[7], [18], [30], [40], [51], [62], [72], [82], [94], [104], [115], [126], [136], [148], [158], [170], [181], [191], [203], [213], [218], [228], [235], [245], [256], [267], [278], [289], [300], [310], [320], [331], [341], [350], [356], [364]]
meat trays [[11], [22], [32], [44], [53], [64], [75], [85], [95], [106], [117], [127], [136], [148], [158], [169], [179], [190], [201], [212], [217], [227], [232], [242], [253], [264], [276], [286], [297], [307], [318], [328], [338], [347], [355], [361]]
produce bags [[7], [19], [30], [40], [50], [61], [71], [81], [92], [103], [113], [125], [134], [145], [156], [167], [176], [188], [198], [210], [215], [225], [230], [239], [251], [262], [272], [284], [294], [304], [316], [327], [336], [345], [353], [359]]
soap [[10], [21], [31], [43], [53], [63], [75], [85], [95], [106], [117], [127], [137], [148], [159], [171], [181], [191], [203], [213], [218], [228], [235], [245], [256], [267], [278], [289], [300], [310], [320], [331], [341], [350], [356], [364]]
