toilet paper [[7], [19], [31], [42], [53], [65], [87], [98], [109], [121], [131], [143], [155], [166], [178], [189], [201], [213], [218], [224], [241], [252], [264], [276], [287], [299], [310], [321], [333], [343], [353], [360]]
paper towel [[11], [22], [34], [45], [56], [68], [78], [90], [102], [112], [124], [135], [146], [158], [170], [180], [192], [204], [214], [220], [225], [232], [243], [255], [267], [278], [290], [302], [313], [325], [335], [345], [355], [363]]
cleaner [[12], [25], [38], [49], [62], [75], [87], [99], [110], [123], [135], [148], [160], [173], [186], [198], [211], [217], [223], [242], [255], [268], [280], [293], [305], [318], [341], [360]]
plastic bags [[7], [19], [31], [42], [53], [64], [87], [98], [109], [120], [131], [143], [154], [166], [176], [188], [200], [211], [217], [223], [229], [238], [250], [262], [273], [285], [296], [307], [319], [330], [340], [350], [357]]
light bulbs [[8], [20], [32], [43], [54], [66], [76], [88], [100], [110], [122], [132], [145], [156], [167], [179], [190], [202], [213], [219], [224], [230], [242], [253], [265], [277], [289], [300], [312], [323], [334], [345], [354], [361]]
box cutters [[18], [29], [41], [52], [63], [75], [85], [97], [107], [118], [130], [141], [153], [165], [175], [187], [198], [209], [216], [229], [238], [250], [262], [273], [285], [297], [307], [319], [330], [340], [351], [357]]
office chair [[8], [20], [33], [45], [56], [68], [80], [91], [116], [128], [139], [152], [164], [175], [187], [200], [212], [218], [242], [254], [266], [278], [291], [303], [314], [327], [338], [348], [356]]
pens [[7], [19], [31], [42], [53], [65], [87], [98], [109], [120], [131], [143], [154], [166], [176], [188], [200], [211], [217], [223], [229], [239], [250], [262], [273], [285], [297], [307], [319], [331], [341], [351], [358]]
printer paper [[15], [27], [40], [51], [62], [75], [85], [97], [108], [119], [131], [143], [155], [167], [178], [190], [202], [213], [219], [225], [230], [243], [255], [266], [279], [291], [303], [314], [326], [337], [347]]
blank badges [[13], [25], [37], [47], [59], [70], [81], [92], [115], [126], [137], [149], [160], [171], [182], [194], [206], [221], [226], [233], [244], [257], [268], [279], [291], [303], [313], [325], [335], [346], [355], [363]]
scanner batt [[15], [27], [39], [50], [62], [74], [85], [97], [108], [119], [131], [143], [154], [166], [178], [189], [201], [213], [219], [224], [230], [242], [254], [265], [278], [290], [301], [313], [325], [335], [346], [355], [363]]
meat trays [[10], [21], [33], [44], [55], [67], [76], [88], [100], [110], [121], [132], [144], [155], [167], [178], [189], [201], [212], [218], [223], [229], [240], [251], [263], [274], [286], [298], [308], [320], [331], [341], [352], [358]]
produce bags [[8], [20], [32], [43], [54], [66], [76], [88], [99], [110], [121], [132], [144], [155], [167], [178], [189], [201], [213], [218], [224], [241], [252], [264], [276], [287], [299], [310], [321], [333], [343], [353], [360]]
soap [[10], [21], [33], [45], [55], [67], [77], [89], [101], [111], [123], [134], [146], [158], [169], [180], [192], [204], [214], [220], [225], [232], [243], [256], [267], [279], [291], [302], [313], [325], [335], [346], [355], [363]]
