toilet paper [[10], [21], [32], [44], [54], [66], [76], [88], [100], [110], [123], [133], [145], [156], [167], [178], [190], [201], [212], [218], [227], [245], [255], [267], [278], [289], [301], [311], [323], [333], [344], [355]]
paper towel [[8], [20], [31], [42], [52], [63], [75], [85], [97], [108], [119], [129], [141], [153], [164], [174], [186], [197], [208], [215], [236], [252], [263], [274], [285], [296], [307], [318], [329], [339], [350], [358]]
cleaner [[7], [20], [31], [44], [54], [68], [78], [91], [102], [113], [126], [136], [149], [161], [172], [184], [197], [208], [223], [237], [254], [266], [278], [290], [301], [312], [325], [335], [347]]
plastic bags [[7], [19], [30], [40], [50], [62], [73], [83], [95], [105], [117], [127], [138], [150], [160], [171], [183], [195], [206], [214], [221], [230], [252], [262], [273], [285], [295], [305], [317], [328], [338], [350], [358]]
light bulbs [[11], [22], [33], [44], [55], [67], [77], [88], [101], [111], [123], [133], [145], [156], [167], [178], [190], [200], [212], [218], [226], [244], [255], [266], [277], [288], [300], [310], [322], [332], [343], [353], [363]]
box cutters [[6], [17], [29], [39], [49], [61], [72], [82], [94], [104], [116], [128], [139], [151], [162], [173], [184], [195], [206], [222], [233], [252], [263], [274], [285], [295], [306], [318], [329], [339], [350], [358]]
office chair [[20], [31], [57], [70], [82], [95], [107], [119], [132], [144], [157], [170], [182], [196], [207], [223], [239], [255], [268], [279], [293], [304], [317], [330], [341], [353], [364]]
pens [[9], [20], [31], [42], [52], [63], [75], [85], [97], [108], [119], [129], [141], [153], [164], [174], [186], [197], [207], [215], [222], [234], [253], [263], [274], [285], [296], [307], [318], [329], [339], [350], [358]]
printer paper [[11], [22], [33], [56], [68], [78], [91], [102], [112], [125], [135], [148], [158], [170], [181], [193], [205], [214], [221], [230], [252], [263], [275], [286], [297], [308], [320], [331], [342], [353], [363]]
blank badges [[12], [22], [33], [55], [68], [77], [89], [100], [110], [122], [133], [144], [156], [166], [176], [188], [199], [210], [216], [224], [239], [253], [264], [275], [286], [297], [308], [319], [330], [341], [352], [360]]
scanner batt [[7], [19], [30], [41], [51], [63], [75], [86], [98], [108], [120], [131], [143], [154], [166], [176], [189], [199], [211], [217], [225], [242], [254], [265], [277], [288], [300], [310], [322], [333], [343], [355]]
meat trays [[7], [18], [29], [39], [50], [62], [72], [82], [94], [104], [116], [127], [138], [150], [161], [171], [183], [195], [206], [214], [221], [230], [252], [262], [273], [285], [295], [306], [318], [328], [338], [350], [358]]
produce bags [[8], [20], [31], [42], [52], [63], [75], [86], [97], [108], [119], [130], [142], [152], [164], [174], [186], [197], [207], [215], [236], [252], [263], [274], [285], [296], [307], [318], [329], [339], [351], [359]]
soap [[10], [21], [32], [44], [54], [66], [76], [87], [100], [110], [122], [133], [144], [156], [166], [177], [189], [199], [211], [217], [225], [242], [254], [264], [276], [287], [298], [309], [320], [331], [342], [353], [362]]
