toilet paper [[10], [21], [32], [44], [54], [66], [76], [88], [100], [110], [123], [133], [145], [156], [167], [178], [190], [201], [212], [218], [227], [245], [255], [267], [278], [289], [301], [311], [323], [333], [344], [355]]
paper towel [[13], [24], [36], [46], [57], [70], [79], [92], [102], [113], [125], [135], [148], [158], [169], [180], [191], [203], [213], [228], [247], [259], [270], [281], [293], [303], [315], [326], [337], [348], [357]]
cleaner [[12], [23], [36], [46], [59], [71], [82], [95], [106], [119], [130], [143], [155], [167], [178], [191], [203], [213], [220], [229], [252], [263], [276], [287], [300], [311], [324], [335], [346], [356]]
plastic bags [[8], [20], [30], [41], [51], [63], [74], [84], [95], [106], [118], [128], [140], [151], [162], [173], [184], [196], [206], [222], [232], [253], [263], [275], [285], [296], [307], [318], [329], [339], [350], [358]]
light bulbs [[8], [20], [31], [42], [52], [63], [75], [86], [98], [108], [119], [130], [142], [153], [165], [175], [187], [198], [209], [216], [223], [237], [253], [264], [276], [286], [298], [308], [319], [331], [342], [352], [361]]
box cutters [[9], [21], [31], [43], [53], [64], [86], [99], [109], [120], [131], [142], [154], [165], [175], [187], [198], [209], [216], [223], [237], [253], [263], [275], [286], [297], [308], [319], [330], [341], [352], [360]]
office chair [[20], [31], [57], [70], [82], [95], [107], [119], [132], [144], [157], [170], [182], [196], [207], [223], [239], [255], [268], [279], [293], [304], [317], [330], [341], [353], [364]]
pens [[12], [22], [33], [55], [68], [77], [89], [100], [110], [122], [133], [144], [155], [166], [176], [188], [199], [210], [216], [224], [239], [253], [263], [275], [286], [297], [308], [319], [330], [340], [351], [359]]
printer paper [[13], [24], [37], [46], [59], [70], [80], [93], [104], [116], [128], [140], [152], [164], [174], [187], [198], [210], [216], [224], [239], [255], [266], [278], [289], [301], [311], [324], [334], [345], [356]]
blank badges [[10], [21], [31], [43], [53], [64], [86], [98], [109], [120], [131], [142], [153], [165], [174], [186], [197], [208], [215], [236], [252], [263], [274], [285], [295], [306], [318], [329], [338], [350], [358]]
scanner batt [[8], [20], [31], [42], [53], [64], [76], [87], [99], [110], [122], [133], [144], [156], [167], [178], [190], [201], [219], [247], [258], [270], [281], [292], [303], [315], [327], [349], [357]]
meat trays [[7], [18], [29], [39], [50], [62], [72], [82], [94], [104], [116], [127], [138], [150], [161], [171], [183], [195], [206], [214], [221], [230], [252], [262], [273], [285], [295], [306], [318], [328], [338], [350], [358]]
produce bags [[8], [20], [30], [41], [52], [63], [74], [85], [96], [107], [118], [129], [141], [152], [164], [174], [185], [197], [207], [215], [222], [234], [253], [263], [275], [286], [296], [307], [319], [330], [340]]
soap [[9], [21], [31], [43], [53], [64], [76], [87], [99], [109], [121], [132], [143], [155], [166], [176], [189], [199], [211], [217], [225], [241], [254], [265], [277], [287], [299], [310], [321], [332], [343], [353], [364]]
