toilet paper [[6], [19], [30], [41], [53], [64], [87], [98], [109], [121], [132], [144], [155], [167], [178], [189], [201], [213], [218], [224], [241], [252], [264], [276], [288], [299], [311], [322], [333], [344], [353], [361]]
paper towel [[7], [19], [31], [42], [54], [65], [76], [87], [99], [109], [121], [132], [144], [155], [167], [178], [189], [201], [213], [218], [224], [241], [252], [264], [276], [287], [299], [310], [321], [333], [343], [353], [360]]
cleaner [[8], [20], [33], [45], [56], [68], [80], [91], [116], [128], [139], [152], [164], [175], [187], [200], [212], [218], [242], [254], [266], [278], [291], [303], [314], [327], [338], [348], [356]]
plastic bags [[6], [18], [30], [41], [52], [63], [75], [85], [97], [107], [118], [130], [141], [152], [164], [174], [187], [198], [209], [216], [222], [228], [237], [249], [260], [272], [284], [295], [306], [317], [328], [339], [349], [356]]
light bulbs [[11], [23], [34], [46], [57], [68], [79], [90], [102], [112], [124], [135], [146], [159], [170], [181], [193], [204], [214], [220], [226], [232], [244], [256], [267], [279], [291], [302], [313], [325], [335], [346], [355], [363]]
box cutters [[7], [19], [31], [42], [53], [65], [87], [98], [109], [120], [131], [143], [154], [166], [176], [188], [200], [211], [217], [223], [229], [238], [250], [262], [273], [285], [297], [307], [319], [330], [340], [351], [357]]
office chair [[12], [25], [38], [49], [62], [75], [87], [99], [110], [123], [135], [148], [160], [173], [186], [198], [211], [217], [223], [242], [255], [268], [280], [293], [305], [318], [341], [360]]
pens [[8], [20], [32], [43], [54], [66], [76], [88], [99], [109], [121], [131], [143], [154], [166], [177], [188], [200], [211], [217], [223], [229], [239], [251], [263], [274], [285], [297], [307], [320], [331], [341], [352], [358]]
printer paper [[11], [23], [34], [46], [57], [69], [80], [91], [103], [114], [126], [137], [149], [160], [172], [184], [195], [208], [222], [228], [236], [249], [260], [272], [284], [296], [307], [319], [331], [341], [352], [359]]
blank badges [[11], [22], [33], [45], [55], [67], [77], [89], [101], [111], [123], [133], [145], [156], [167], [179], [190], [202], [213], [218], [224], [241], [252], [264], [276], [287], [299], [309], [321], [332], [342], [352], [360]]
scanner batt [[7], [19], [31], [43], [54], [66], [76], [89], [101], [111], [123], [134], [146], [158], [170], [181], [193], [205], [221], [227], [234], [245], [258], [270], [281], [293], [305], [316], [328], [339], [349], [357]]
meat trays [[7], [19], [31], [42], [53], [65], [87], [98], [109], [120], [131], [142], [153], [166], [176], [188], [200], [211], [217], [223], [229], [238], [250], [262], [273], [285], [296], [307], [319], [330], [340], [350], [357]]
produce bags [[8], [19], [31], [42], [54], [65], [76], [87], [98], [109], [121], [131], [143], [154], [166], [177], [188], [200], [212], [218], [223], [229], [240], [251], [263], [275], [286], [298], [308], [320], [331], [342], [352], [359]]
soap [[8], [20], [32], [43], [54], [66], [76], [88], [100], [110], [122], [132], [145], [156], [167], [179], [190], [202], [213], [219], [224], [230], [242], [253], [265], [277], [289], [300], [312], [323], [334], [345], [354], [361]]
