toilet paper [[10], [21], [33], [45], [56], [68], [78], [90], [102], [112], [124], [135], [146], [158], [170], [181], [193], [204], [214], [220], [226], [232], [244], [256], [267], [279], [291], [303], [313], [326], [336], [346], [355], [363]]
paper towel [[11], [22], [34], [45], [56], [68], [78], [90], [102], [112], [124], [135], [146], [158], [170], [180], [192], [204], [214], [220], [225], [232], [243], [255], [267], [278], [290], [302], [313], [325], [335], [345], [355], [363]]
cleaner [[12], [25], [38], [49], [62], [75], [87], [99], [110], [123], [135], [148], [160], [173], [186], [198], [211], [217], [223], [242], [255], [268], [280], [293], [305], [318], [341], [360]]
plastic bags [[9], [20], [32], [43], [54], [66], [76], [88], [99], [109], [121], [131], [143], [154], [166], [177], [188], [200], [211], [217], [223], [229], [239], [250], [262], [273], [285], [297], [307], [319], [330], [341], [351], [357]]
light bulbs [[11], [23], [34], [46], [57], [68], [79], [90], [102], [112], [124], [135], [146], [159], [170], [181], [193], [204], [214], [220], [226], [232], [244], [256], [267], [279], [291], [302], [313], [325], [335], [346], [355], [363]]
box cutters [[6], [19], [30], [41], [53], [64], [87], [98], [109], [120], [131], [143], [154], [166], [177], [188], [200], [212], [218], [223], [229], [239], [251], [263], [274], [286], [298], [308], [320], [331], [341], [352], [359]]
office chair [[12], [25], [38], [49], [62], [75], [87], [99], [110], [123], [135], [148], [160], [173], [186], [198], [211], [217], [223], [242], [255], [268], [280], [293], [305], [318], [341], [360]]
pens [[10], [21], [33], [45], [55], [67], [77], [89], [101], [111], [123], [133], [145], [157], [168], [179], [190], [202], [213], [219], [224], [230], [242], [253], [264], [276], [287], [299], [310], [321], [333], [343], [353], [360]]
printer paper [[9], [21], [33], [45], [56], [68], [79], [90], [103], [113], [125], [136], [148], [160], [171], [183], [195], [207], [215], [221], [227], [235], [247], [259], [271], [283], [294], [306], [318], [329], [340], [351], [357]]
blank badges [[7], [19], [30], [41], [53], [64], [75], [86], [97], [108], [119], [130], [141], [153], [165], [175], [187], [198], [209], [216], [229], [238], [250], [262], [273], [285], [296], [307], [319], [330], [340], [350], [357]]
scanner batt [[11], [22], [34], [46], [58], [69], [81], [92], [116], [127], [138], [151], [163], [174], [186], [198], [209], [217], [229], [239], [251], [263], [275], [287], [299], [310], [322], [334], [345], [354], [362]]
meat trays [[13], [25], [36], [47], [58], [69], [80], [91], [103], [113], [125], [136], [147], [159], [170], [181], [193], [204], [214], [220], [225], [231], [243], [255], [266], [278], [289], [300], [312], [323], [334], [344], [354], [361]]
produce bags [[10], [22], [33], [45], [56], [68], [78], [90], [102], [111], [124], [134], [146], [158], [169], [180], [192], [203], [214], [220], [225], [231], [243], [255], [266], [278], [290], [301], [312], [324], [335], [345], [363]]
soap [[9], [20], [32], [44], [55], [67], [76], [89], [100], [110], [122], [133], [145], [156], [168], [179], [190], [202], [213], [219], [224], [230], [242], [253], [265], [277], [289], [300], [311], [323], [334], [344], [354], [361]]
