toilet paper [[8], [20], [30], [41], [52], [63], [75], [85], [97], [108], [119], [130], [142], [153], [164], [174], [186], [197], [208], [215], [236], [253], [263], [275], [286], [296], [307], [319], [330], [341], [352], [360]]
paper towel [[12], [23], [34], [55], [68], [78], [90], [101], [111], [123], [133], [145], [157], [167], [178], [190], [201], [212], [218], [227], [245], [255], [267], [278], [289], [300], [310], [322], [333], [343], [354]]
cleaner [[20], [31], [57], [70], [82], [95], [107], [119], [132], [144], [157], [170], [182], [196], [207], [223], [239], [255], [268], [279], [293], [304], [317], [330], [341], [353], [364]]
plastic bags [[7], [18], [29], [40], [50], [62], [73], [83], [94], [104], [117], [127], [138], [149], [160], [171], [182], [194], [205], [214], [221], [230], [251], [262], [273], [284], [295], [305], [317], [327], [338], [349], [357]]
light bulbs [[8], [20], [31], [42], [52], [63], [75], [86], [98], [108], [119], [130], [142], [153], [165], [175], [187], [198], [209], [216], [223], [237], [253], [264], [276], [286], [298], [308], [319], [331], [342], [352], [361]]
box cutters [[13], [25], [36], [46], [58], [69], [79], [91], [102], [112], [124], [134], [146], [157], [168], [179], [190], [201], [219], [246], [257], [269], [279], [291], [302], [311], [324], [334], [345], [355]]
office chair [[20], [31], [57], [70], [82], [95], [107], [119], [132], [144], [157], [170], [182], [196], [207], [223], [239], [255], [268], [279], [293], [304], [317], [330], [341], [353], [364]]
pens [[7], [19], [30], [40], [50], [62], [73], [83], [95], [105], [117], [127], [138], [150], [160], [171], [183], [195], [206], [214], [221], [230], [252], [262], [273], [285], [295], [306], [317], [328], [338], [350], [358]]
printer paper [[15], [26], [38], [47], [60], [71], [82], [94], [104], [117], [127], [139], [151], [162], [173], [185], [197], [207], [215], [236], [253], [264], [276], [287], [299], [309], [321], [332], [343], [354]]
blank badges [[7], [18], [29], [39], [49], [61], [72], [82], [94], [104], [116], [127], [138], [150], [160], [171], [183], [195], [206], [214], [221], [230], [252], [262], [273], [285], [295], [306], [317], [328], [338], [350], [358]]
scanner batt [[10], [22], [33], [56], [69], [79], [92], [103], [114], [126], [137], [150], [161], [172], [184], [196], [207], [215], [222], [235], [253], [264], [276], [287], [299], [310], [322], [333], [344], [355]]
meat trays [[10], [21], [32], [44], [54], [65], [76], [87], [99], [109], [121], [132], [143], [154], [165], [175], [187], [198], [209], [216], [223], [237], [253], [263], [275], [286], [296], [307], [318], [329], [339], [350], [358]]
produce bags [[7], [19], [30], [41], [52], [63], [74], [84], [96], [107], [118], [129], [141], [152], [164], [174], [186], [197], [208], [215], [236], [252], [263], [275], [286], [296], [307], [319], [330], [341], [352], [360]]
soap [[10], [21], [32], [44], [54], [66], [76], [87], [100], [110], [122], [133], [144], [156], [166], [177], [189], [199], [211], [217], [225], [242], [254], [264], [276], [287], [298], [309], [320], [331], [342], [353], [362]]
