toilet paper [[6], [19], [30], [41], [53], [64], [87], [98], [109], [121], [132], [144], [155], [167], [178], [189], [201], [213], [218], [224], [241], [252], [264], [276], [288], [299], [311], [322], [333], [344], [353], [361]]
paper towel [[11], [22], [34], [45], [56], [68], [78], [90], [102], [112], [124], [135], [146], [158], [170], [180], [192], [204], [214], [220], [225], [232], [243], [255], [267], [278], [290], [302], [313], [325], [335], [345], [355], [363]]
cleaner [[20], [33], [46], [59], [72], [83], [96], [108], [121], [133], [146], [159], [172], [185], [198], [210], [217], [223], [243], [256], [269], [282], [294], [307], [320], [332], [344], [363]]
plastic bags [[11], [22], [34], [45], [56], [68], [78], [89], [101], [111], [123], [133], [145], [157], [168], [179], [190], [202], [213], [219], [224], [230], [241], [252], [264], [276], [287], [299], [310], [321], [332], [342], [353], [360]]
light bulbs [[9], [20], [32], [44], [55], [67], [76], [89], [100], [110], [122], [133], [145], [156], [168], [179], [190], [202], [213], [219], [224], [230], [242], [253], [265], [277], [289], [300], [311], [323], [334], [344], [354], [361]]
box cutters [[6], [18], [29], [41], [52], [63], [75], [85], [96], [107], [118], [129], [140], [152], [164], [174], [186], [198], [209], [216], [222], [228], [237], [249], [260], [272], [284], [295], [306], [317], [328], [339], [349], [357]]
office chair [[20], [33], [46], [59], [72], [83], [96], [108], [121], [133], [146], [159], [172], [185], [198], [210], [217], [223], [243], [256], [269], [282], [294], [307], [320], [332], [344], [363]]
pens [[9], [20], [32], [44], [54], [66], [76], [88], [99], [110], [121], [132], [144], [155], [167], [178], [189], [201], [212], [218], [223], [241], [252], [264], [276], [287], [299], [309], [321], [332], [342], [353], [360]]
printer paper [[11], [23], [34], [46], [57], [69], [80], [91], [103], [114], [126], [137], [149], [160], [172], [184], [195], [208], [222], [228], [236], [249], [260], [272], [284], [296], [307], [319], [331], [341], [352], [359]]
blank badges [[12], [24], [35], [46], [58], [69], [80], [91], [103], [113], [124], [135], [146], [158], [170], [180], [192], [203], [214], [220], [225], [231], [243], [255], [266], [278], [289], [300], [312], [323], [334], [344], [354], [361]]
scanner batt [[9], [20], [32], [44], [55], [67], [77], [89], [102], [111], [124], [135], [146], [159], [181], [193], [205], [221], [227], [234], [245], [257], [270], [281], [293], [305], [316], [328], [338], [349], [356]]
meat trays [[7], [19], [30], [41], [53], [64], [75], [86], [97], [107], [118], [130], [141], [153], [165], [175], [187], [198], [209], [216], [222], [228], [237], [249], [260], [272], [284], [295], [306], [317], [328], [339], [349], [356]]
produce bags [[8], [19], [31], [42], [54], [65], [76], [87], [98], [109], [121], [131], [143], [154], [166], [177], [188], [200], [212], [218], [223], [229], [240], [251], [263], [275], [286], [298], [308], [320], [331], [342], [352], [359]]
soap [[11], [23], [34], [46], [57], [68], [79], [90], [102], [112], [124], [135], [146], [159], [170], [181], [193], [204], [214], [220], [226], [232], [244], [256], [267], [279], [291], [302], [313], [325], [335], [346], [355], [363]]
