toilet paper [[11], [22], [34], [46], [56], [66], [76], [87], [100], [110], [122], [133], [144], [156], [167], [177], [190], [200], [212], [218], [226], [244], [255], [267], [278], [289], [300], [310], [323], [333], [344], [355]]
paper towel [[13], [24], [36], [50], [59], [70], [79], [92], [103], [114], [126], [136], [148], [159], [171], [182], [194], [205], [214], [221], [230], [251], [262], [273], [285], [295], [306], [318], [329], [339], [350], [358]]
cleaner [[12], [23], [37], [52], [61], [73], [84], [96], [108], [120], [132], [144], [157], [168], [180], [192], [205], [214], [221], [231], [254], [266], [278], [290], [302], [312], [326], [336], [348], [357]]
plastic bags [[15], [28], [38], [52], [61], [71], [81], [93], [104], [115], [127], [137], [149], [159], [171], [182], [194], [205], [214], [221], [230], [251], [262], [273], [284], [295], [305], [317], [327], [338], [349], [357]]
light bulbs [[8], [20], [31], [42], [56], [65], [76], [87], [100], [110], [122], [132], [143], [155], [166], [176], [189], [199], [211], [217], [225], [241], [254], [265], [277], [287], [299], [309], [321], [332], [342], [353], [362]]
box cutters [[8], [20], [31], [42], [56], [65], [76], [87], [99], [109], [121], [131], [143], [154], [165], [175], [187], [198], [209], [216], [223], [237], [253], [263], [275], [286], [297], [308], [319], [330], [341], [352], [360]]
office chair [[12], [23], [37], [52], [61], [73], [84], [96], [108], [120], [132], [144], [157], [168], [180], [192], [205], [214], [221], [231], [254], [266], [278], [290], [302], [312], [326], [336], [348], [357]]
pens [[7], [19], [30], [41], [55], [64], [86], [98], [109], [120], [131], [142], [153], [165], [175], [187], [198], [208], [215], [236], [252], [263], [274], [285], [296], [307], [318], [329], [339], [350], [358]]
printer paper [[13], [24], [37], [52], [61], [72], [83], [95], [106], [118], [129], [141], [153], [165], [175], [188], [199], [211], [217], [225], [243], [254], [266], [277], [288], [301], [311], [324], [334], [345]]
blank badges [[11], [22], [33], [45], [56], [65], [76], [87], [99], [109], [120], [131], [142], [154], [165], [175], [187], [198], [208], [215], [236], [252], [263], [274], [285], [295], [306], [318], [329], [339], [350], [358]]
scanner batt [[15], [27], [38], [53], [62], [73], [84], [95], [106], [118], [129], [141], [154], [165], [175], [188], [199], [211], [217], [225], [242], [254], [265], [277], [288], [300], [310], [323], [333], [344], [355]]
meat trays [[7], [18], [30], [40], [54], [63], [74], [84], [95], [106], [118], [129], [140], [151], [163], [173], [184], [196], [206], [222], [232], [253], [263], [274], [285], [296], [307], [318], [329], [339], [350], [358]]
produce bags [[9], [21], [32], [43], [56], [65], [76], [87], [99], [110], [121], [132], [143], [155], [166], [176], [188], [199], [210], [216], [224], [239], [254], [264], [276], [287], [298], [308], [320], [331], [342], [352], [361]]
soap [[7], [19], [31], [41], [55], [65], [76], [87], [99], [109], [121], [132], [143], [155], [166], [175], [188], [199], [210], [216], [224], [239], [254], [264], [276], [287], [298], [309], [320], [331], [342], [353], [362]]
wrenches [[16], [30], [42], [59], [70], [82], [95], [107], [119], [132], [144], [157], [170], [182], [196], [207], [223], [239], [255], [268], [279], [293], [304], [317], [330], [341], [353], [364]]
water bottles [[7], [19], [30], [40], [55], [63], [75], [86], [97], [108], [119], [130], [142], [152], [164], [174], [185], [197], [207], [215], [222], [234], [252], [263], [274], [285], [295], [306], [318], [329], [339], [350], [358]]
keyboards [[9], [21], [32], [44], [57], [67], [77], [90], [101], [111], [124], [134], [147], [158], [169], [180], [192], [204], [252], [263], [275], [286], [297], [308], [320], [331], [342], [353], [363]]
photo paper [[6], [17], [29], [39], [53], [62], [73], [83], [95], [105], [117], [127], [138], [150], [160], [171], [183], [195], [206], [214], [221], [230], [252], [262], [273], [285], [295], [305], [317], [328], [338], [350], [357]]
plastic wrap [[6], [17], [29], [39], [54], [63], [74], [84], [95], [106], [118], [129], [140], [151], [163], [173], [185], [196], [207], [222], [233], [252], [263], [274], [285], [295], [306], [318], [329], [339], [350], [358]]
