toilet paper [[10], [21], [32], [44], [53], [64], [86], [97], [108], [118], [129], [141], [151], [163], [173], [184], [196], [206], [221], [226], [233], [245], [255], [267], [278], [289], [301], [310], [322], [333], [342], [352], [359]]
paper towel [[7], [18], [29], [40], [50], [61], [72], [82], [94], [104], [115], [126], [136], [148], [158], [170], [180], [191], [202], [213], [218], [223], [229], [239], [250], [261], [272], [284], [294], [305], [316], [327], [337], [347], [364]]
cleaner [[12], [23], [36], [46], [58], [70], [81], [93], [104], [116], [128], [140], [151], [164], [174], [187], [198], [211], [217], [229], [239], [251], [263], [275], [287], [299], [310], [322], [333], [344], [354], [362]]
plastic bags [[8], [20], [30], [41], [52], [62], [73], [83], [94], [104], [116], [126], [136], [148], [158], [169], [180], [191], [202], [218], [223], [229], [238], [249], [261], [271], [283], [294], [304], [315], [326], [335], [345], [355], [362]]
light bulbs [[7], [19], [30], [41], [52], [62], [73], [84], [95], [105], [116], [127], [138], [149], [159], [171], [182], [192], [204], [225], [230], [241], [253], [263], [275], [286], [297], [308], [319], [330], [340], [350], [357]]
box cutters [[7], [18], [29], [40], [50], [61], [72], [82], [93], [104], [114], [125], [135], [147], [158], [168], [179], [190], [200], [212], [217], [229], [238], [248], [260], [271], [282], [293], [303], [314], [325], [335], [345], [354], [361]]
office chair [[20], [31], [56], [69], [79], [93], [104], [117], [128], [141], [152], [165], [176], [189], [202], [213], [219], [225], [231], [244], [255], [269], [280], [293], [304], [317], [330], [341], [351], [359]]
pens [[12], [22], [33], [55], [66], [76], [87], [98], [109], [119], [129], [141], [151], [163], [173], [184], [195], [206], [221], [226], [233], [244], [255], [266], [277], [288], [299], [309], [320], [331], [341], [351], [358]]
printer paper [[15], [26], [38], [47], [59], [70], [80], [92], [103], [114], [126], [136], [148], [159], [170], [181], [192], [204], [220], [225], [231], [242], [254], [265], [277], [287], [299], [310], [321], [332], [342], [352], [359]]
blank badges [[7], [18], [29], [39], [50], [61], [71], [81], [93], [103], [114], [125], [135], [146], [157], [167], [178], [189], [200], [211], [217], [222], [228], [237], [247], [259], [270], [280], [292], [302], [312], [324], [334], [344], [353], [360]]
scanner batt [[10], [22], [33], [55], [67], [77], [88], [101], [111], [123], [133], [144], [157], [167], [179], [190], [202], [218], [223], [240], [252], [263], [276], [287], [298], [309], [320], [332], [342], [352], [359]]
meat trays [[12], [23], [34], [45], [55], [66], [76], [87], [98], [108], [119], [129], [141], [151], [162], [173], [183], [195], [206], [214], [220], [225], [231], [242], [253], [263], [275], [286], [297], [307], [318], [329], [339], [349]]
produce bags [[7], [19], [30], [40], [51], [62], [73], [83], [94], [104], [116], [126], [136], [148], [159], [170], [180], [191], [202], [213], [218], [223], [229], [239], [250], [261], [272], [284], [294], [305], [316], [327], [337], [347], [364]]
soap [[11], [22], [33], [44], [54], [65], [76], [86], [97], [108], [119], [129], [140], [151], [163], [173], [183], [195], [206], [221], [226], [233], [244], [255], [266], [277], [288], [300], [310], [321], [332], [342], [352], [358]]
