toilet paper [[15, 13, 10], [27, 4, 10], [39, 7, 10], [49, 12, 10], [61, 10, 10], [73, 11, 10], [83, 6, 10], [95, 9, 10], [104, 18, 20], [117, 6, 10], [128, 17, 10], [139, 8, 10], [151, 11, 10], [162, 17, 10], [173, 14, 10], [185, 15, 10], [196, 16, 10], [208, 14, 10], [222, 3, 20], [228, 4, 20], [236, 14, 10], [248, 15, 10], [259, 16, 10], [271, 14, 10], [283, 15, 10], [294, 16, 10], [305, 19, 10], [317, 15, 10], [328, 16, 10], [339, 13, 10], [349, 14, 10], [356, 19, 20]]
paper towel [[7, 30, 24], [19, 24, 24], [31, 25, 24], [42, 28, 24], [53, 34, 24], [64, 47, 24], [87, 39, 24], [98, 42, 24], [109, 34, 24], [120, 47, 24], [131, 40, 24], [143, 41, 24], [154, 44, 24], [166, 38, 24], [177, 39, 24], [188, 42, 24], [201, 12, 24], [212, 37, 24], [218, 15, 48], [223, 40, 48], [229, 46, 48], [240, 33, 24], [251, 36, 24], [263, 42, 24], [275, 31, 24], [286, 34, 24], [298, 40, 24], [309, 29, 24], [320, 46, 24], [331, 47, 48], [342, 26, 24], [352, 41, 48], [360, 5, 48]]
cleaner [[8, 6, 4], [20, 5, 4], [33, 3, 4], [45, 2, 8], [56, 5, 4], [68, 7, 4], [80, 4, 4], [91, 7, 4], [116, 4, 4], [128, 5, 4], [139, 4, 4], [152, 2, 4], [164, 5, 4], [175, 4, 4], [187, 6, 4], [200, 4, 4], [212, 5, 4], [218, 3, 8], [242, 4, 4], [254, 5, 4], [266, 4, 4], [278, 6, 4], [291, 4, 4], [303, 5, 4], [314, 4, 4], [327, 2, 4], [338, 1, 8], [348, 6, 4], [356, 4, 8]]
plastic bags [[7, 352, 200], [19, 274, 200], [31, 256, 200], [42, 257, 200], [53, 279, 200], [64, 361, 200], [87, 302, 200], [98, 303, 200], [109, 205, 200], [120, 287, 200], [131, 208, 200], [142, 390, 200], [153, 391, 200], [166, 113, 200], [176, 295, 200], [188, 96, 200], [199, 398, 200], [210, 399, 200], [217, 200, 400], [223, 2, 400], [229, 44, 400], [238, 305, 200], [250, 227, 200], [262, 209, 200], [273, 210, 200], [285, 132, 200], [296, 314, 200], [307, 115, 200], [319, 137, 200], [330, 219, 200], [340, 240, 200], [350, 321, 200], [357, 202, 400]]
light bulbs [[11, 10, 16], [22, 20, 16], [34, 7, 16], [45, 18, 32], [56, 21, 16], [68, 18, 16], [78, 26, 16], [90, 13, 16], [102, 18, 16], [112, 17, 16], [124, 14, 16], [135, 16, 16], [146, 19, 16], [158, 24, 16], [170, 18, 16], [180, 30, 16], [193, 10, 16], [204, 20, 16], [214, 18, 32], [220, 16, 32], [226, 2, 32], [232, 20, 16], [244, 7, 16], [256, 12, 16], [267, 22, 16], [279, 9, 16], [291, 14, 16], [302, 24, 16], [313, 20, 16], [325, 22, 16], [335, 25, 16], [346, 20, 16], [355, 8, 32], [363, 15, 16]]
box cutters [[12, 52, 27], [24, 53, 27], [36, 31, 27], [47, 24, 27], [58, 52, 27], [70, 29, 27], [81, 20, 27], [92, 35, 27], [115, 44, 27], [126, 48, 27], [138, 15, 27], [149, 43, 27], [160, 47, 27], [172, 27, 27], [183, 42, 27], [195, 19, 27], [207, 26, 27], [215, 31, 54], [221, 33, 54], [227, 29, 54], [235, 21, 27], [246, 36, 27], [258, 13, 27], [270, 20, 27], [281, 35, 27], [293, 12, 27], [304, 29, 54], [315, 33, 27], [327, 27, 27], [338, 1, 54], [348, 21, 27]]
office chair [[12, 4, 3], [25, 4, 3], [38, 4, 3], [49, 5, 3], [62, 4, 3], [75, 4, 3], [87, 3, 3], [99, 5, 3], [110, 5, 3], [123, 5, 3], [135, 5, 3], [148, 4, 3], [160, 5, 3], [173, 2, 3], [186, 2, 3], [198, 5, 3], [211, 4, 3], [217, 5, 6], [223, 4, 6], [242, 4, 3], [255, 4, 3], [268, 3, 3], [280, 4, 3], [293, 3, 3], [305, 4, 3], [318, 4, 3], [341, 5, 3], [360, 3, 6]]
pens [[12, 26, 52], [23, 76, 52], [34, 79, 52], [46, 36, 52], [57, 60, 52], [68, 94, 52], [79, 61, 52], [90, 64, 52], [102, 73, 52], [112, 65, 52], [124, 48, 52], [134, 98, 52], [146, 49, 52], [158, 58, 52], [169, 82, 52], [180, 64, 52], [192, 62, 52], [203, 65, 52], [214, 1, 104], [219, 96, 104], [225, 46, 104], [230, 99, 104], [243, 30, 52], [254, 80, 52], [265, 83, 52], [277, 92, 52], [289, 64, 52], [300, 67, 52], [311, 96, 52], [322, 99, 52], [334, 30, 52], [344, 80, 52], [354, 36, 52], [361, 59, 52]]
printer paper [[9, 17, 9], [21, 12, 9], [33, 13, 9], [45, 7, 18], [56, 11, 9], [68, 12, 9], [79, 10, 9], [90, 14, 9], [103, 6, 9], [113, 13, 9], [125, 8, 9], [136, 16, 9], [148, 12, 9], [160, 7, 9], [171, 15, 18], [183, 11, 9], [195, 6, 9], [207, 11, 9], [215, 14, 18], [221, 16, 18], [227, 16, 18], [235, 15, 9], [247, 14, 9], [259, 9, 9], [271, 10, 9], [283, 13, 9], [294, 17, 9], [306, 9, 9], [318, 12, 9], [329, 16, 9], [340, 12, 9], [351, 11, 9], [357, 16, 18]]
blank badges [[12, 135, 120], [24, 125, 120], [35, 126, 120], [46, 140, 120], [57, 190, 120], [69, 71, 120], [79, 181, 120], [90, 182, 120], [102, 196, 120], [112, 173, 120], [124, 127, 120], [134, 237, 120], [146, 118, 120], [158, 132, 120], [169, 182, 120], [180, 135, 120], [192, 125, 120], [203, 126, 120], [219, 218, 240], [225, 100, 240], [230, 220, 240], [242, 234, 120], [254, 164, 120], [265, 165, 120], [277, 179, 120], [288, 229, 120], [300, 110, 120], [311, 172, 120], [322, 173, 120], [333, 187, 120], [343, 236, 120], [353, 178, 240], [360, 227, 240]]
scanner batt [[7, 13, 9], [19, 14, 9], [31, 17, 9], [43, 13, 9], [54, 13, 9], [66, 16, 9], [76, 15, 18], [89, 7, 9], [101, 10, 9], [111, 9, 9], [123, 14, 9], [134, 13, 9], [146, 8, 9], [158, 13, 9], [170, 12, 9], [181, 7, 9], [193, 12, 9], [205, 11, 9], [221, 2, 18], [227, 2, 18], [234, 13, 9], [245, 17, 9], [258, 4, 9], [270, 9, 9], [281, 17, 9], [293, 12, 9], [305, 8, 9], [316, 16, 9], [328, 11, 9], [339, 10, 9], [349, 14, 9], [357, 2, 18]]
meat trays [[9, 421, 415], [20, 425, 415], [32, 473, 415], [43, 646, 415], [54, 484, 415], [66, 449, 415], [76, 204, 830], [88, 252, 415], [99, 425, 415], [109, 636, 415], [120, 809, 415], [131, 647, 415], [143, 612, 415], [154, 616, 415], [166, 457, 415], [177, 422, 415], [188, 426, 415], [200, 474, 415], [211, 647, 415], [217, 647, 830], [223, 237, 830], [229, 325, 830], [239, 456, 415], [250, 709, 415], [262, 674, 415], [273, 678, 415], [285, 519, 415], [297, 484, 415], [307, 488, 415], [319, 536, 415], [330, 709, 415], [340, 754, 415], [351, 512, 415], [357, 678, 830]]
produce bags [[11, 41, 21], [23, 33, 21], [34, 37, 21], [46, 22, 21], [57, 35, 21], [69, 18, 21], [79, 40, 21], [91, 23, 21], [103, 19, 21], [113, 29, 21], [125, 12, 21], [136, 26, 21], [147, 30, 21], [159, 26, 21], [171, 7, 42], [181, 32, 21], [193, 38, 21], [205, 30, 21], [221, 2, 42], [226, 41, 42], [234, 22, 21], [245, 26, 21], [257, 22, 21], [269, 24, 21], [280, 28, 21], [292, 24, 21], [304, 5, 42], [314, 30, 21], [326, 36, 21], [337, 28, 21], [347, 33, 21]]
soap [[11, 24, 15], [23, 18, 15], [34, 20, 15], [46, 9, 15], [57, 18, 15], [68, 29, 15], [79, 21, 15], [90, 23, 15], [102, 27, 15], [112, 26, 15], [124, 23, 15], [135, 24, 15], [146, 26, 15], [159, 8, 15], [170, 24, 15], [181, 11, 15], [193, 15, 15], [204, 24, 15], [214, 21, 30], [220, 19, 30], [226, 5, 30], [232, 21, 15], [244, 8, 15], [256, 12, 15], [267, 21, 15], [279, 8, 15], [291, 12, 15], [302, 21, 15], [313, 17, 15], [325, 18, 15], [335, 20, 15], [346, 15, 15], [355, 3, 30], [363, 9, 15]]
