toilet paper [[13], [25], [37], [51], [60], [71], [81], [93], [104], [116], [128], [140], [151], [163], [173], [185], [197], [208], [215], [236], [253], [263], [276], [286], [298], [309], [320], [331], [342], [353], [363]]
paper towel [[8], [20], [31], [42], [56], [65], [76], [87], [99], [109], [120], [131], [143], [154], [165], [175], [187], [198], [209], [216], [223], [237], [253], [263], [275], [286], [297], [308], [319], [330], [341], [352], [360]]
cleaner [[12], [23], [37], [52], [61], [73], [84], [96], [108], [120], [132], [144], [157], [168], [180], [192], [205], [214], [221], [231], [254], [266], [278], [290], [302], [312], [326], [336], [348], [357]]
plastic bags [[14], [25], [36], [50], [59], [69], [79], [91], [102], [111], [124], [134], [146], [157], [167], [178], [190], [200], [212], [218], [226], [244], [254], [266], [277], [287], [299], [309], [320], [331], [342], [353], [362]]
light bulbs [[8], [20], [31], [42], [56], [65], [76], [87], [100], [110], [122], [132], [143], [155], [166], [176], [189], [199], [211], [217], [225], [241], [254], [265], [277], [287], [299], [309], [321], [332], [342], [353], [362]]
box cutters [[17], [29], [39], [54], [62], [73], [84], [95], [105], [117], [128], [140], [151], [162], [173], [184], [196], [206], [222], [233], [252], [263], [274], [285], [295], [306], [318], [329], [339], [350], [358]]
office chair [[7], [20], [32], [44], [58], [68], [78], [92], [103], [115], [127], [139], [151], [163], [174], [187], [198], [210], [217], [225], [243], [254], [266], [278], [290], [301], [312], [325], [335], [347]]
pens [[7], [19], [30], [40], [55], [63], [75], [86], [97], [108], [119], [130], [141], [153], [164], [174], [186], [197], [208], [215], [236], [252], [263], [274], [285], [296], [306], [318], [329], [339], [350], [358]]
printer paper [[13], [24], [37], [52], [61], [72], [83], [95], [106], [118], [129], [141], [153], [165], [175], [188], [199], [211], [217], [225], [243], [254], [266], [277], [288], [301], [311], [324], [334], [345]]
blank badges [[9], [21], [32], [43], [56], [65], [76], [87], [99], [109], [120], [131], [142], [154], [165], [175], [187], [198], [208], [215], [236], [252], [263], [274], [285], [295], [306], [318], [329], [338], [350], [358]]
scanner batt [[15], [27], [38], [53], [62], [73], [84], [95], [106], [118], [129], [141], [154], [165], [175], [188], [199], [211], [217], [225], [242], [254], [265], [277], [288], [300], [310], [323], [333], [344], [355]]
meat trays [[12], [23], [35], [48], [57], [67], [77], [88], [100], [110], [122], [133], [144], [155], [166], [176], [188], [199], [210], [216], [224], [239], [253], [263], [275], [286], [296], [307], [319], [330], [340], [351], [359]]
produce bags [[9], [21], [32], [43], [56], [65], [76], [87], [99], [110], [121], [132], [143], [155], [166], [176], [188], [199], [210], [216], [224], [239], [254], [264], [276], [287], [298], [308], [320], [331], [342], [352], [361]]
soap [[10], [21], [32], [44], [56], [66], [76], [87], [100], [110], [122], [132], [144], [156], [166], [176], [189], [199], [211], [217], [225], [241], [254], [265], [277], [287], [299], [309], [321], [332], [342], [353], [363]]
wrenches [[16], [30], [42], [59], [70], [82], [95], [107], [119], [132], [144], [157], [170], [182], [196], [207], [223], [239], [255], [268], [279], [293], [304], [317], [330], [341], [353], [364]]
water bottles [[7], [18], [29], [39], [54], [63], [74], [84], [95], [106], [118], [128], [140], [151], [162], [173], [184], [196], [206], [222], [232], [253], [263], [274], [285], [296], [307], [318], [329], [339], [350], [358]]
keyboards [[9], [21], [32], [44], [57], [67], [77], [90], [101], [111], [124], [134], [147], [158], [169], [180], [192], [204], [252], [263], [275], [286], [297], [308], [320], [331], [342], [353], [363]]
photo paper [[8], [20], [31], [41], [55], [64], [86], [98], [109], [120], [131], [142], [153], [164], [174], [186], [197], [208], [215], [236], [252], [263], [274], [285], [295], [306], [318], [329], [338], [350], [358]]
plastic wrap [[12], [23], [35], [49], [58], [68], [78], [90], [101], [111], [123], [133], [145], [156], [167], [178], [190], [200], [212], [218], [226], [244], [255], [266], [277], [288], [300], [310], [321], [332], [343], [353], [363]]
