toilet paper [[8], [20], [31], [42], [51], [61], [70], [79], [87], [96], [104], [112], [119], [127], [134], [141], [147], [154], [160], [167], [173], [179], [184], [190], [197], [203], [208], [213], [215], [218], [220], [224], [232], [235], [240], [243], [248], [251], [256], [259], [264], [267], [272], [275], [280], [283], [288], [291], [296], [299], [305]]
paper towel [[13], [23], [35], [45], [54], [64], [74], [82], [91], [100], [107], [115], [122], [129], [135], [142], [149], [156], [163], [169], [175], [181], [187], [192], [198], [205], [210], [214], [216], [219], [222], [225], [232], [235], [240], [243], [248], [251], [256], [259], [264], [267], [272], [275], [280], [283], [288], [291], [296], [299], [305]]
cleaner [[19], [30], [42], [53], [63], [75], [84], [94], [104], [113], [123], [130], [137], [144], [152], [159], [167], [173], [180], [187], [193], [199], [206], [215], [217], [221], [224], [232], [235], [240], [243], [248], [251], [256], [259], [264], [267], [272], [275], [280], [283], [288], [291], [296], [299], [305]]
plastic bags [[12], [22], [33], [54], [63], [73], [81], [89], [98], [105], [113], [120], [128], [134], [141], [148], [154], [160], [167], [173], [179], [184], [190], [197], [202], [207], [213], [215], [218], [221], [224], [232], [235], [240], [243], [248], [251], [256], [259], [264], [267], [272], [275], [280], [283], [288], [291], [296], [299], [305]]
light bulbs [[10], [21], [31], [43], [52], [62], [71], [79], [88], [97], [105], [112], [120], [127], [134], [141], [148], [154], [160], [167], [173], [179], [185], [191], [197], [203], [208], [213], [215], [218], [220], [224], [232], [235], [240], [243], [248], [251], [256], [259], [264], [267], [272], [275], [280], [283], [288], [291], [296], [299], [305]]
box cutters [[6], [17], [29], [39], [49], [59], [69], [77], [86], [94], [102], [110], [117], [125], [132], [138], [144], [151], [158], [165], [171], [176], [182], [188], [194], [199], [206], [212], [214], [217], [219], [222], [225], [232], [235], [240], [243], [248], [251], [256], [259], [264], [267], [272], [275], [280], [283], [288], [291], [296], [299], [305]]
office chair [[7], [19], [30], [42], [52], [62], [73], [82], [91], [100], [108], [116], [125], [132], [139], [145], [152], [159], [166], [173], [179], [185], [191], [197], [204], [209], [216], [218], [220], [224], [232], [235], [240], [243], [248], [251], [256], [259], [264], [267], [272], [275], [280], [283], [288], [291], [296], [299], [305]]
pens [[11], [22], [32], [44], [53], [62], [71], [80], [88], [97], [104], [112], [119], [127], [134], [141], [147], [153], [160], [167], [173], [179], [184], [190], [196], [202], [207], [213], [215], [217], [221], [224], [232], [235], [240], [243], [248], [251], [256], [259], [264], [267], [272], [275], [280], [283], [288], [291], [296], [299], [305]]
printer paper [[11], [21], [32], [44], [53], [63], [73], [81], [90], [99], [107], [115], [122], [129], [136], [143], [150], [157], [164], [170], [175], [182], [188], [193], [199], [205], [211], [214], [217], [219], [222], [225], [232], [235], [240], [243], [248], [251], [256], [259], [264], [267], [272], [275], [280], [283], [288], [291], [296], [299], [305]]
blank badges [[13], [23], [35], [45], [54], [63], [73], [81], [90], [99], [106], [114], [121], [128], [135], [141], [148], [155], [161], [167], [173], [180], [185], [191], [197], [203], [208], [213], [215], [218], [220], [224], [232], [235], [240], [243], [248], [251], [256], [259], [264], [267], [272], [275], [280], [283], [288], [291], [296], [299], [305]]
scanner batt [[14], [26], [37], [47], [57], [68], [77], [86], [95], [104], [111], [119], [127], [134], [141], [148], [154], [161], [167], [174], [180], [186], [191], [198], [204], [209], [216], [218], [220], [224], [232], [235], [240], [243], [248], [251], [256], [259], [264], [267], [272], [275], [280], [283], [288], [291], [296], [299], [305]]
meat trays [[6], [17], [29], [39], [48], [58], [68], [76], [85], [93], [102], [109], [117], [124], [131], [137], [143], [150], [157], [164], [170], [175], [181], [188], [193], [199], [205], [211], [214], [216], [219], [222], [225], [232], [235], [240], [243], [248], [251], [256], [259], [264], [267], [272], [275], [280], [283], [288], [291], [296], [299], [305]]
produce bags [[8], [20], [30], [42], [51], [61], [70], [79], [87], [95], [104], [111], [119], [126], [133], [140], [146], [153], [159], [166], [172], [178], [183], [190], [196], [201], [207], [213], [215], [217], [221], [224], [232], [235], [240], [243], [248], [251], [256], [259], [264], [267], [272], [275], [280], [283], [288], [291], [296], [299], [305]]
soap [[10], [21], [31], [43], [52], [62], [71], [79], [88], [97], [105], [112], [120], [127], [134], [141], [148], [154], [160], [167], [173], [179], [185], [191], [197], [203], [208], [213], [215], [218], [220], [224], [232], [235], [240], [243], [248], [251], [256], [259], [264], [267], [272], [275], [280], [283], [288], [291], [296], [299], [305]]
