toilet paper [[7], [18], [29], [40], [50], [61], [71], [81], [92], [103], [113], [125], [134], [145], [156], [167], [177], [188], [199], [210], [216], [221], [226], [231], [240], [252], [263], [274], [285], [296], [306], [317], [327], [337], [346], [355], [361]]
paper towel [[13], [24], [36], [45], [56], [68], [78], [88], [100], [110], [121], [131], [142], [153], [164], [174], [185], [196], [207], [220], [224], [229], [238], [249], [260], [271], [282], [293], [304], [314], [325], [335], [344], [353], [358]]
cleaner [[12], [23], [35], [45], [56], [69], [80], [93], [104], [116], [127], [138], [151], [163], [174], [185], [197], [209], [215], [225], [230], [239], [251], [262], [273], [284], [295], [305], [316], [327], [337], [346], [355], [361]]
plastic bags [[8], [19], [30], [41], [50], [61], [72], [81], [92], [103], [113], [124], [134], [144], [156], [166], [176], [187], [198], [208], [215], [220], [225], [239], [250], [261], [272], [283], [294], [304], [315], [326], [335], [345], [353], [359]]
light bulbs [[9], [20], [31], [43], [52], [63], [74], [84], [94], [104], [116], [127], [136], [148], [159], [170], [180], [191], [202], [213], [218], [228], [235], [245], [256], [267], [278], [289], [300], [310], [320], [331], [341], [350], [356], [364]]
box cutters [[12], [22], [33], [54], [66], [76], [86], [98], [108], [118], [129], [140], [151], [162], [172], [183], [194], [205], [214], [219], [223], [236], [247], [258], [269], [279], [291], [302], [311], [322], [332], [342], [351], [357]]
office chair [[19], [31], [43], [53], [66], [77], [90], [103], [116], [128], [140], [152], [165], [175], [188], [199], [218], [222], [234], [245], [255], [267], [278], [289], [300], [310], [321], [331], [341], [350]]
pens [[7], [18], [29], [40], [50], [61], [71], [81], [92], [102], [112], [123], [133], [143], [155], [166], [175], [186], [197], [207], [215], [220], [225], [239], [250], [261], [272], [284], [294], [304], [315], [326], [335], [345], [353], [359]]
printer paper [[14], [26], [37], [47], [59], [70], [80], [92], [103], [114], [126], [135], [147], [158], [170], [181], [191], [203], [213], [218], [228], [235], [245], [256], [268], [278], [289], [301], [310], [321], [331], [341], [350], [356], [364]]
blank badges [[6], [17], [29], [39], [48], [60], [70], [79], [91], [101], [111], [122], [132], [142], [153], [164], [174], [184], [196], [206], [220], [224], [229], [238], [249], [260], [271], [282], [293], [303], [314], [325], [335], [344], [353], [358]]
scanner batt [[8], [20], [30], [42], [52], [63], [74], [84], [95], [105], [117], [127], [137], [149], [159], [171], [181], [192], [204], [219], [223], [228], [236], [246], [257], [269], [279], [290], [301], [311], [322], [332], [341], [351]]
meat trays [[10], [21], [31], [43], [52], [62], [73], [83], [94], [104], [114], [126], [135], [146], [157], [167], [177], [188], [199], [210], [216], [221], [226], [230], [240], [252], [262], [274], [285], [295], [306], [317], [327], [336], [345], [353], [359]]
produce bags [[11], [22], [33], [44], [54], [65], [76], [86], [97], [108], [118], [129], [140], [150], [162], [172], [183], [194], [205], [214], [219], [223], [236], [247], [258], [269], [279], [291], [302], [311], [322], [333], [342], [351], [357]]
soap [[8], [20], [30], [42], [51], [62], [73], [83], [94], [104], [115], [126], [135], [147], [158], [169], [179], [190], [200], [212], [217], [227], [232], [242], [253], [264], [276], [286], [297], [308], [318], [329], [338], [347], [355], [361]]
