toilet paper [[8], [20], [31], [42], [51], [61], [70], [79], [87], [96], [104], [112], [119], [127], [134], [141], [147], [154], [160], [167], [173], [179], [184], [190], [197], [203], [208], [213], [215], [218], [220], [224], [232], [235], [240], [243], [248], [251], [256], [259], [264], [267], [272], [275], [280], [283], [288], [291], [296], [299], [305]]
paper towel [[10], [21], [31], [43], [52], [62], [71], [79], [88], [97], [105], [112], [120], [127], [134], [141], [148], [154], [160], [167], [173], [180], [185], [191], [197], [203], [208], [213], [215], [218], [220], [224], [232], [235], [240], [243], [248], [251], [256], [259], [264], [267], [272], [275], [280], [283], [288], [291], [296], [299], [305]]
cleaner [[19], [30], [42], [53], [63], [75], [84], [94], [104], [113], [123], [130], [137], [144], [152], [159], [167], [173], [180], [187], [193], [199], [206], [215], [217], [221], [224], [232], [235], [240], [243], [248], [251], [256], [259], [264], [267], [272], [275], [280], [283], [288], [291], [296], [299], [305]]
plastic bags [[8], [20], [30], [41], [51], [60], [70], [78], [86], [95], [103], [110], [118], [126], [132], [139], [145], [151], [158], [165], [171], [176], [182], [189], [194], [200], [206], [212], [214], [217], [219], [222], [225], [232], [235], [240], [243], [248], [251], [256], [259], [264], [267], [272], [275], [280], [283], [288], [291], [296], [299], [305]]
light bulbs [[8], [20], [30], [41], [51], [61], [70], [79], [87], [96], [104], [111], [119], [127], [133], [140], [147], [153], [159], [166], [173], [179], [184], [190], [196], [202], [207], [213], [215], [218], [221], [224], [232], [235], [240], [243], [248], [251], [256], [259], [264], [267], [272], [275], [280], [283], [288], [291], [296], [299], [305]]
box cutters [[12], [22], [33], [54], [63], [73], [81], [90], [99], [106], [114], [121], [128], [135], [142], [148], [155], [161], [168], [174], [180], [185], [191], [197], [203], [209], [216], [218], [220], [224], [232], [235], [240], [243], [248], [251], [256], [259], [264], [267], [272], [275], [280], [283], [288], [291], [296], [299], [305]]
office chair [[12], [23], [35], [45], [55], [67], [76], [86], [95], [104], [112], [120], [128], [135], [142], [150], [157], [165], [172], [178], [183], [190], [197], [203], [209], [216], [218], [220], [224], [232], [235], [240], [243], [248], [251], [256], [259], [264], [267], [272], [275], [280], [283], [288], [291], [296], [299], [305]]
pens [[7], [18], [29], [40], [49], [59], [69], [77], [86], [94], [103], [110], [117], [125], [132], [138], [144], [151], [158], [165], [171], [176], [182], [188], [194], [199], [206], [212], [214], [217], [219], [222], [225], [232], [235], [240], [243], [248], [251], [256], [259], [264], [267], [272], [275], [280], [283], [288], [291], [296], [299], [305]]
printer paper [[11], [21], [32], [44], [53], [63], [73], [81], [90], [99], [107], [115], [122], [129], [136], [143], [150], [157], [164], [170], [175], [182], [188], [193], [199], [205], [211], [214], [217], [219], [222], [225], [232], [235], [240], [243], [248], [251], [256], [259], [264], [267], [272], [275], [280], [283], [288], [291], [296], [299], [305]]
blank badges [[11], [21], [32], [44], [52], [62], [71], [79], [88], [96], [104], [111], [119], [127], [133], [140], [146], [153], [159], [166], [172], [178], [183], [190], [196], [201], [207], [215], [217], [221], [224], [232], [235], [240], [243], [248], [251], [256], [259], [264], [267], [272], [275], [280], [283], [288], [291], [296], [299], [305]]
scanner batt [[7], [18], [29], [40], [50], [60], [70], [78], [87], [96], [104], [111], [119], [127], [134], [141], [148], [154], [160], [167], [173], [180], [185], [191], [197], [204], [209], [216], [218], [220], [224], [232], [235], [240], [243], [248], [251], [256], [259], [264], [267], [272], [275], [280], [283], [288], [291], [296], [299], [305]]
meat trays [[12], [23], [34], [54], [63], [73], [81], [89], [98], [105], [113], [120], [128], [134], [141], [148], [154], [160], [167], [173], [179], [184], [190], [196], [202], [207], [213], [215], [218], [221], [224], [232], [235], [240], [243], [248], [251], [256], [259], [264], [267], [272], [275], [280], [283], [288], [291], [296], [299], [305]]
produce bags [[7], [19], [30], [41], [50], [60], [70], [78], [87], [95], [103], [111], [118], [126], [133], [139], [146], [152], [159], [166], [172], [177], [183], [189], [195], [201], [207], [215], [217], [221], [224], [232], [235], [240], [243], [248], [251], [256], [259], [264], [267], [272], [275], [280], [283], [288], [291], [296], [299], [305]]
soap [[9], [20], [31], [42], [52], [61], [71], [79], [87], [96], [104], [112], [119], [127], [134], [141], [147], [154], [160], [167], [173], [179], [184], [190], [197], [202], [208], [213], [215], [218], [221], [224], [232], [235], [240], [243], [248], [251], [256], [259], [264], [267], [272], [275], [280], [283], [288], [291], [296], [299], [305]]
