toilet paper [[10], [21], [32], [44], [57], [67], [77], [88], [101], [111], [123], [134], [145], [157], [167], [178], [190], [201], [219], [246], [258], [269], [280], [292], [302], [313], [325], [335], [346], [356]]
paper towel [[7], [19], [30], [40], [55], [64], [86], [99], [109], [120], [131], [143], [154], [165], [175], [188], [198], [209], [216], [223], [238], [253], [263], [275], [286], [297], [308], [319], [331], [341], [352], [360]]
cleaner [[20], [32], [49], [60], [71], [83], [96], [108], [121], [133], [146], [158], [171], [183], [197], [209], [216], [224], [242], [255], [268], [280], [293], [304], [318], [330], [342], [353], [364]]
plastic bags [[15], [26], [37], [51], [60], [70], [80], [92], [103], [114], [126], [136], [148], [159], [170], [181], [192], [204], [220], [229], [250], [261], [271], [283], [294], [304], [316], [327], [338], [349], [357]]
light bulbs [[7], [19], [31], [41], [55], [65], [76], [87], [99], [109], [121], [132], [143], [155], [166], [175], [188], [199], [210], [216], [224], [239], [254], [264], [276], [287], [298], [309], [320], [331], [342], [353], [362]]
box cutters [[6], [16], [28], [39], [53], [62], [73], [83], [95], [105], [117], [127], [138], [150], [161], [172], [183], [195], [206], [214], [221], [231], [252], [262], [273], [285], [295], [306], [318], [328], [338], [350], [358]]
office chair [[7], [20], [32], [44], [58], [68], [78], [92], [103], [115], [127], [139], [151], [163], [174], [187], [198], [210], [217], [225], [243], [254], [266], [278], [290], [301], [312], [325], [335], [347]]
pens [[9], [21], [32], [43], [56], [65], [76], [87], [99], [109], [121], [132], [143], [154], [165], [175], [187], [198], [209], [216], [223], [237], [253], [263], [275], [286], [297], [308], [319], [330], [341], [352], [360]]
printer paper [[7], [18], [30], [41], [55], [64], [76], [87], [99], [110], [122], [132], [144], [156], [167], [177], [190], [201], [212], [218], [227], [245], [255], [268], [278], [290], [301], [311], [324], [334], [345]]
blank badges [[13], [24], [37], [50], [59], [69], [79], [91], [102], [112], [124], [134], [146], [157], [168], [178], [190], [201], [212], [218], [226], [244], [255], [266], [277], [288], [299], [309], [321], [332], [342], [353], [362]]
scanner batt [[15], [27], [38], [53], [62], [73], [84], [95], [106], [118], [129], [141], [154], [165], [175], [188], [199], [211], [217], [225], [242], [254], [265], [277], [288], [300], [310], [323], [333], [344], [355]]
meat trays [[11], [22], [33], [45], [56], [65], [76], [87], [99], [109], [120], [131], [142], [153], [165], [175], [187], [198], [208], [215], [236], [252], [263], [274], [285], [295], [306], [318], [329], [338], [350], [358]]
produce bags [[7], [19], [30], [40], [55], [64], [86], [99], [109], [120], [131], [143], [154], [165], [175], [187], [198], [209], [216], [223], [237], [253], [264], [276], [286], [297], [308], [319], [331], [341], [352], [361]]
soap [[7], [19], [31], [41], [55], [65], [76], [87], [99], [109], [121], [132], [143], [155], [166], [175], [188], [199], [210], [216], [224], [239], [254], [264], [276], [287], [298], [309], [320], [331], [342], [353], [362]]
