toilet paper [[7], [19], [31], [42], [53], [65], [87], [98], [109], [121], [131], [143], [155], [166], [178], [189], [201], [213], [218], [224], [241], [252], [264], [276], [287], [299], [310], [321], [333], [343], [353], [360]]
paper towel [[9], [20], [32], [44], [54], [66], [76], [88], [100], [110], [122], [132], [145], [156], [167], [179], [190], [202], [213], [219], [224], [230], [242], [253], [265], [277], [288], [300], [311], [323], [334], [344], [354], [361]]
cleaner [[20], [33], [46], [59], [72], [83], [96], [108], [121], [133], [146], [159], [172], [185], [198], [210], [217], [223], [243], [256], [269], [282], [294], [307], [320], [332], [344], [363]]
plastic bags [[6], [17], [29], [40], [51], [62], [74], [84], [96], [106], [118], [129], [140], [152], [163], [174], [186], [197], [208], [216], [222], [228], [236], [248], [259], [271], [282], [293], [305], [316], [327], [338], [348], [356]]
light bulbs [[11], [23], [34], [46], [57], [68], [79], [90], [102], [112], [124], [135], [146], [159], [170], [181], [193], [204], [214], [220], [226], [232], [244], [256], [267], [279], [291], [302], [313], [325], [335], [346], [355], [363]]
box cutters [[6], [18], [29], [40], [51], [62], [75], [85], [96], [107], [118], [129], [140], [152], [164], [174], [186], [198], [209], [216], [222], [228], [237], [249], [260], [272], [284], [295], [306], [318], [329], [339], [349], [357]]
office chair [[20], [33], [46], [59], [72], [83], [96], [108], [121], [133], [146], [159], [172], [185], [198], [210], [217], [223], [243], [256], [269], [282], [294], [307], [320], [332], [344], [363]]
pens [[7], [19], [31], [42], [53], [64], [87], [98], [109], [120], [131], [143], [154], [166], [176], [188], [200], [211], [217], [223], [229], [239], [250], [262], [273], [285], [297], [307], [319], [331], [341], [351], [358]]
printer paper [[9], [21], [33], [45], [56], [68], [79], [90], [103], [113], [125], [136], [148], [160], [171], [183], [195], [207], [215], [221], [227], [235], [247], [259], [271], [283], [294], [306], [318], [329], [340], [351], [357]]
blank badges [[6], [18], [30], [41], [52], [63], [75], [85], [97], [107], [118], [130], [141], [152], [164], [174], [186], [198], [209], [216], [222], [228], [237], [249], [260], [271], [283], [294], [305], [317], [328], [338], [349], [356]]
scanner batt [[11], [22], [34], [46], [58], [69], [81], [92], [116], [127], [138], [151], [163], [174], [186], [198], [209], [217], [229], [239], [251], [263], [275], [287], [299], [310], [322], [334], [345], [354], [362]]
meat trays [[12], [23], [34], [46], [57], [68], [79], [90], [102], [112], [124], [134], [146], [158], [169], [180], [191], [202], [219], [225], [230], [242], [254], [265], [277], [288], [300], [311], [322], [333], [344], [353], [360]]
produce bags [[9], [20], [32], [43], [54], [66], [76], [88], [99], [110], [122], [132], [144], [155], [167], [178], [189], [201], [213], [218], [224], [241], [252], [264], [276], [287], [299], [310], [321], [333], [343], [353], [360]]
soap [[11], [22], [34], [45], [56], [68], [78], [90], [102], [112], [124], [135], [146], [158], [170], [180], [193], [204], [214], [220], [226], [232], [244], [256], [267], [279], [291], [302], [313], [325], [335], [346], [355], [363]]
