toilet paper [[13], [25], [37], [51], [60], [71], [81], [93], [104], [116], [128], [140], [151], [163], [173], [185], [197], [208], [215], [236], [253], [263], [276], [286], [298], [309], [320], [331], [342], [353], [363]]
paper towel [[13], [24], [36], [50], [59], [70], [79], [92], [103], [114], [126], [136], [148], [159], [171], [182], [194], [205], [214], [221], [230], [251], [262], [273], [285], [295], [306], [318], [329], [339], [350], [358]]
cleaner [[20], [32], [49], [60], [71], [83], [96], [108], [121], [133], [146], [158], [171], [183], [197], [209], [216], [224], [242], [255], [268], [280], [293], [304], [318], [330], [342], [353], [364]]
plastic bags [[7], [19], [30], [40], [55], [63], [75], [86], [97], [108], [119], [130], [141], [153], [164], [174], [186], [197], [208], [215], [236], [252], [263], [274], [285], [295], [306], [318], [329], [338], [350], [358]]
light bulbs [[8], [20], [31], [42], [56], [65], [76], [87], [100], [110], [122], [132], [143], [155], [166], [176], [189], [199], [211], [217], [225], [241], [254], [265], [277], [287], [299], [309], [321], [332], [342], [353], [362]]
box cutters [[7], [18], [30], [40], [55], [63], [75], [86], [97], [108], [119], [130], [142], [152], [164], [174], [186], [197], [207], [215], [236], [252], [263], [274], [285], [296], [307], [318], [329], [339], [351], [359]]
office chair [[20], [32], [49], [60], [71], [83], [96], [108], [121], [133], [146], [158], [171], [183], [197], [209], [216], [224], [242], [255], [268], [280], [293], [304], [318], [330], [342], [353], [364]]
pens [[10], [21], [33], [44], [56], [65], [76], [87], [99], [109], [121], [132], [143], [154], [165], [175], [188], [198], [209], [216], [223], [237], [253], [263], [275], [286], [297], [308], [319], [330], [341], [352], [360]]
printer paper [[11], [22], [34], [47], [57], [67], [77], [89], [101], [111], [123], [134], [146], [157], [168], [179], [191], [203], [213], [228], [248], [260], [271], [283], [294], [304], [317], [327], [338], [350], [358]]
blank badges [[8], [20], [31], [42], [55], [65], [76], [86], [98], [109], [120], [131], [142], [153], [165], [174], [186], [197], [208], [215], [236], [252], [263], [274], [285], [295], [306], [318], [329], [339], [350], [358]]
scanner batt [[12], [23], [36], [50], [59], [70], [80], [93], [103], [115], [127], [138], [150], [161], [172], [184], [196], [207], [222], [233], [253], [264], [276], [287], [299], [309], [321], [332], [343], [354]]
meat trays [[8], [20], [31], [42], [55], [64], [86], [98], [109], [120], [131], [142], [153], [164], [174], [186], [197], [208], [215], [236], [252], [263], [274], [285], [295], [306], [318], [328], [338], [350], [358]]
produce bags [[10], [21], [33], [45], [56], [65], [76], [87], [100], [110], [121], [132], [143], [155], [166], [176], [188], [199], [210], [216], [224], [239], [254], [264], [276], [287], [298], [308], [320], [331], [342], [352], [361]]
soap [[11], [22], [33], [46], [56], [65], [76], [87], [100], [110], [122], [132], [143], [155], [166], [176], [189], [199], [211], [217], [225], [241], [254], [265], [276], [287], [299], [309], [320], [331], [342], [353], [362]]
