toilet paper [[7], [18], [30], [40], [55], [63], [75], [86], [98], [108], [120], [131], [142], [153], [165], [175], [187], [198], [209], [216], [223], [237], [253], [264], [276], [287], [298], [308], [320], [331], [342], [352], [362]]
paper towel [[7], [18], [30], [40], [55], [63], [75], [86], [97], [108], [119], [130], [142], [153], [164], [174], [186], [197], [208], [215], [236], [252], [263], [275], [286], [296], [307], [319], [330], [341], [352], [360]]
cleaner [[20], [32], [49], [60], [71], [83], [96], [108], [121], [133], [146], [158], [171], [183], [197], [209], [216], [224], [242], [255], [268], [280], [293], [304], [318], [330], [342], [353], [364]]
plastic bags [[12], [22], [34], [47], [56], [65], [76], [87], [99], [109], [120], [131], [143], [154], [165], [175], [187], [198], [208], [215], [236], [252], [263], [274], [285], [295], [306], [318], [329], [338], [350], [358]]
light bulbs [[11], [22], [33], [46], [56], [65], [76], [87], [100], [110], [122], [132], [143], [155], [166], [176], [189], [199], [211], [217], [225], [241], [254], [265], [276], [287], [299], [309], [320], [331], [342], [353], [362]]
box cutters [[6], [17], [29], [39], [54], [63], [74], [84], [95], [106], [118], [128], [140], [151], [163], [173], [184], [196], [207], [222], [233], [252], [263], [274], [285], [295], [306], [318], [329], [339], [350], [358]]
office chair [[7], [20], [32], [44], [58], [68], [78], [92], [103], [115], [127], [139], [151], [163], [174], [187], [198], [210], [217], [225], [243], [254], [266], [278], [290], [301], [312], [325], [335], [347]]
pens [[7], [19], [30], [40], [55], [63], [75], [85], [97], [108], [119], [129], [141], [153], [164], [174], [186], [197], [207], [215], [222], [234], [253], [263], [274], [285], [296], [307], [318], [329], [339], [350], [358]]
printer paper [[9], [21], [32], [43], [57], [67], [77], [89], [101], [111], [124], [134], [146], [157], [168], [179], [191], [203], [213], [228], [248], [260], [271], [282], [294], [304], [317], [327], [338], [350], [358]]
blank badges [[6], [17], [29], [39], [54], [62], [73], [84], [95], [105], [117], [127], [138], [150], [161], [172], [183], [195], [206], [214], [221], [230], [252], [263], [274], [285], [295], [306], [318], [328], [338], [350], [358]]
scanner batt [[8], [20], [31], [42], [57], [67], [77], [89], [101], [111], [124], [134], [146], [157], [168], [179], [191], [203], [213], [228], [248], [260], [271], [283], [294], [304], [317], [327], [338], [350], [358]]
meat trays [[8], [19], [31], [41], [55], [64], [86], [98], [109], [120], [131], [142], [153], [164], [174], [186], [197], [208], [215], [236], [252], [263], [274], [285], [295], [306], [318], [329], [338], [350], [358]]
produce bags [[9], [21], [32], [43], [56], [65], [76], [87], [99], [110], [121], [132], [143], [155], [166], [176], [188], [199], [210], [216], [224], [239], [254], [264], [276], [287], [298], [308], [320], [331], [342], [352], [361]]
soap [[8], [20], [31], [42], [56], [65], [76], [87], [100], [110], [122], [132], [143], [155], [166], [176], [189], [199], [211], [217], [225], [241], [254], [265], [277], [287], [299], [309], [321], [332], [342], [353], [362]]
wrenches [[16], [30], [42], [59], [70], [82], [95], [107], [119], [132], [144], [157], [170], [182], [196], [207], [223], [239], [255], [268], [279], [293], [304], [317], [330], [341], [353], [364]]
water bottles [[6], [16], [29], [39], [53], [62], [73], [83], [94], [105], [117], [127], [138], [150], [160], [171], [182], [195], [205], [214], [221], [230], [252], [262], [273], [285], [295], [305], [317], [328], [338], [350], [358]]
keyboards [[9], [21], [32], [44], [57], [67], [77], [90], [101], [111], [124], [134], [147], [158], [169], [180], [192], [204], [252], [263], [275], [286], [297], [308], [320], [331], [342], [353], [363]]
photo paper [[7], [18], [30], [39], [54], [63], [74], [84], [95], [106], [118], [128], [140], [151], [163], [173], [184], [196], [206], [222], [232], [253], [263], [274], [285], [296], [307], [318], [329], [339], [350], [358]]
plastic wrap [[8], [19], [31], [41], [55], [64], [86], [99], [109], [120], [131], [142], [154], [165], [175], [187], [198], [209], [216], [223], [237], [253], [263], [275], [286], [297], [308], [319], [330], [341], [352], [360]]
