toilet paper [[12], [23], [35], [48], [58], [68], [78], [90], [101], [111], [124], [134], [146], [157], [168], [179], [190], [202], [219], [246], [258], [269], [280], [292], [302], [313], [325], [335], [346], [356]]
paper towel [[10], [21], [33], [45], [56], [65], [76], [87], [100], [110], [122], [132], [143], [155], [166], [176], [189], [199], [211], [217], [225], [241], [254], [265], [277], [287], [299], [309], [321], [332], [342], [353], [362]]
cleaner [[12], [23], [37], [52], [61], [73], [84], [96], [108], [120], [132], [144], [157], [168], [180], [192], [205], [214], [221], [231], [254], [266], [278], [290], [302], [312], [326], [336], [348], [357]]
plastic bags [[11], [22], [34], [46], [56], [65], [76], [87], [99], [109], [120], [131], [142], [153], [165], [175], [187], [198], [208], [215], [236], [252], [263], [274], [285], [295], [306], [318], [329], [338], [350], [358]]
light bulbs [[10], [21], [32], [44], [56], [66], [76], [87], [100], [110], [122], [132], [144], [156], [166], [176], [189], [199], [211], [217], [225], [241], [254], [265], [277], [287], [299], [309], [321], [332], [342], [353], [363]]
box cutters [[6], [18], [29], [39], [54], [63], [74], [84], [95], [106], [118], [129], [140], [151], [163], [173], [185], [196], [207], [222], [233], [252], [263], [274], [285], [295], [306], [318], [329], [339], [350], [358]]
office chair [[20], [32], [49], [60], [71], [83], [96], [108], [121], [133], [146], [158], [171], [183], [197], [209], [216], [224], [242], [255], [268], [280], [293], [304], [318], [330], [342], [353], [364]]
pens [[11], [22], [33], [45], [56], [65], [76], [87], [99], [109], [121], [132], [143], [154], [165], [175], [188], [198], [209], [216], [223], [237], [253], [264], [276], [286], [297], [308], [319], [330], [341], [352], [360]]
printer paper [[15], [27], [38], [52], [61], [72], [83], [95], [106], [118], [129], [141], [153], [165], [175], [187], [198], [210], [216], [224], [239], [254], [266], [277], [288], [300], [310], [323], [333], [344], [355]]
blank badges [[7], [18], [30], [39], [54], [63], [74], [84], [95], [106], [118], [128], [140], [151], [163], [173], [184], [196], [206], [222], [232], [253], [263], [275], [285], [296], [307], [318], [329], [339], [350], [358]]
scanner batt [[12], [23], [36], [50], [59], [70], [80], [93], [103], [115], [127], [138], [150], [161], [172], [184], [196], [207], [222], [233], [253], [264], [276], [287], [299], [309], [321], [332], [343], [354]]
meat trays [[11], [22], [34], [46], [56], [65], [76], [87], [99], [109], [120], [131], [142], [153], [165], [175], [187], [198], [208], [215], [236], [252], [263], [274], [285], [295], [306], [318], [329], [338], [350], [358]]
produce bags [[8], [20], [31], [41], [55], [65], [76], [87], [99], [109], [120], [131], [143], [154], [165], [175], [188], [198], [209], [216], [223], [237], [253], [264], [276], [286], [297], [308], [319], [331], [341], [352], [361]]
soap [[11], [22], [33], [46], [56], [65], [76], [87], [100], [110], [122], [132], [143], [155], [166], [176], [189], [199], [211], [217], [225], [241], [254], [265], [276], [287], [299], [309], [320], [331], [342], [353], [362]]
wrenches [[10], [22], [35], [49], [59], [70], [81], [94], [105], [118], [129], [142], [154], [166], [177], [190], [202], [213], [220], [229], [251], [263], [275], [287], [299], [310], [323], [334], [345], [356]]
water bottles [[6], [17], [29], [39], [54], [62], [73], [84], [95], [105], [117], [127], [138], [150], [161], [172], [183], [195], [206], [214], [221], [230], [252], [263], [274], [285], [295], [306], [318], [328], [338], [350], [358]]
keyboards [[12], [23], [35], [49], [59], [70], [79], [92], [103], [115], [127], [138], [150], [162], [172], [184], [196], [207], [215], [222], [234], [253], [264], [276], [287], [299], [309], [322], [332], [343], [354]]
photo paper [[6], [17], [29], [39], [53], [62], [73], [83], [95], [105], [117], [127], [138], [150], [160], [171], [183], [195], [206], [214], [221], [230], [252], [262], [273], [285], [295], [305], [317], [328], [338], [350], [358]]
plastic wrap [[9], [20], [31], [43], [56], [65], [76], [87], [99], [109], [121], [132], [143], [155], [166], [175], [188], [199], [210], [216], [224], [239], [253], [264], [275], [286], [297], [308], [319], [331], [341], [352], [360]]
