toilet paper [[8], [20], [31], [41], [56], [65], [76], [87], [99], [109], [121], [132], [143], [155], [166], [175], [188], [199], [210], [216], [224], [239], [254], [264], [276], [287], [298], [309], [320], [331], [342], [353], [362]]
paper towel [[13], [24], [36], [50], [59], [70], [79], [92], [103], [114], [126], [136], [148], [159], [171], [182], [194], [205], [214], [221], [230], [251], [262], [273], [285], [295], [306], [318], [329], [339], [350], [358]]
cleaner [[7], [20], [32], [44], [58], [68], [78], [92], [103], [115], [127], [139], [151], [163], [174], [187], [198], [210], [217], [225], [243], [254], [266], [278], [290], [301], [312], [325], [335], [347]]
plastic bags [[16], [28], [38], [52], [61], [71], [82], [94], [104], [116], [127], [138], [149], [160], [171], [182], [194], [205], [214], [221], [230], [252], [262], [273], [285], [295], [305], [317], [328], [338], [350], [358]]
light bulbs [[8], [20], [31], [42], [56], [65], [76], [87], [100], [110], [122], [132], [143], [155], [166], [176], [189], [199], [211], [217], [225], [241], [254], [265], [277], [287], [299], [309], [321], [332], [342], [353], [362]]
box cutters [[7], [18], [30], [40], [55], [63], [75], [86], [97], [108], [119], [130], [142], [152], [164], [174], [186], [197], [207], [215], [236], [252], [263], [274], [285], [296], [307], [318], [329], [339], [351], [359]]
office chair [[12], [23], [37], [52], [61], [73], [84], [96], [108], [120], [132], [144], [157], [168], [180], [192], [205], [214], [221], [231], [254], [266], [278], [290], [302], [312], [326], [336], [348], [357]]
pens [[10], [21], [32], [43], [57], [66], [76], [88], [100], [110], [122], [132], [143], [155], [166], [176], [188], [199], [210], [216], [224], [239], [253], [263], [275], [286], [297], [308], [319], [330], [341], [352], [360]]
printer paper [[15], [27], [38], [52], [61], [72], [83], [95], [106], [118], [129], [141], [153], [165], [175], [187], [198], [210], [216], [224], [239], [254], [266], [277], [288], [300], [310], [323], [333], [344], [355]]
blank badges [[13], [24], [36], [49], [58], [68], [78], [90], [101], [111], [123], [133], [145], [156], [167], [177], [189], [199], [211], [217], [225], [241], [254], [264], [276], [287], [298], [308], [319], [331], [341], [352], [360]]
scanner batt [[10], [22], [34], [48], [57], [68], [78], [90], [102], [112], [125], [135], [148], [159], [171], [182], [195], [206], [222], [233], [253], [264], [277], [287], [300], [310], [323], [333], [344], [355]]
meat trays [[8], [19], [30], [41], [55], [64], [86], [98], [109], [120], [131], [142], [153], [164], [174], [186], [197], [208], [215], [236], [252], [263], [274], [285], [295], [306], [318], [329], [338], [350], [358]]
produce bags [[8], [20], [31], [42], [56], [65], [76], [87], [99], [109], [121], [132], [143], [155], [166], [175], [188], [198], [210], [216], [223], [238], [253], [263], [275], [286], [297], [308], [319], [330], [341], [352], [360]]
soap [[8], [20], [31], [42], [56], [65], [76], [87], [100], [110], [122], [132], [143], [155], [166], [176], [189], [199], [211], [217], [225], [241], [254], [265], [277], [287], [299], [309], [321], [332], [342], [353], [362]]
