toilet paper [[12], [23], [35], [48], [58], [68], [78], [90], [101], [111], [124], [134], [146], [157], [168], [179], [190], [202], [219], [246], [258], [269], [280], [292], [302], [313], [325], [335], [346], [356]]
paper towel [[8], [20], [31], [42], [56], [65], [76], [87], [100], [110], [121], [132], [143], [155], [166], [176], [189], [199], [211], [217], [225], [241], [254], [265], [277], [287], [299], [309], [321], [332], [342], [353], [362]]
cleaner [[20], [32], [49], [60], [71], [83], [96], [108], [121], [133], [146], [158], [171], [183], [197], [209], [216], [224], [242], [255], [268], [280], [293], [304], [318], [330], [342], [353], [364]]
plastic bags [[6], [16], [28], [38], [53], [61], [72], [82], [94], [104], [116], [127], [138], [150], [160], [171], [182], [195], [205], [214], [221], [230], [252], [262], [273], [285], [295], [305], [317], [328], [338], [350], [358]]
light bulbs [[9], [21], [32], [43], [57], [67], [77], [88], [101], [111], [123], [133], [145], [157], [167], [178], [190], [201], [219], [246], [258], [269], [280], [292], [302], [313], [325], [335], [346], [356]]
box cutters [[7], [18], [30], [39], [54], [63], [75], [85], [97], [108], [119], [129], [141], [153], [164], [174], [186], [197], [208], [215], [236], [252], [263], [274], [285], [296], [307], [318], [329], [339], [350], [358]]
office chair [[20], [32], [49], [60], [71], [83], [96], [108], [121], [133], [146], [158], [171], [183], [197], [209], [216], [224], [242], [255], [268], [280], [293], [304], [318], [330], [342], [353], [364]]
pens [[9], [20], [31], [42], [56], [65], [76], [87], [99], [109], [121], [132], [143], [154], [165], [175], [188], [198], [209], [216], [223], [237], [253], [264], [275], [286], [297], [308], [319], [330], [341], [352], [360]]
printer paper [[9], [21], [32], [43], [57], [67], [77], [89], [101], [111], [124], [134], [146], [157], [168], [179], [191], [203], [213], [228], [248], [260], [271], [282], [294], [304], [317], [327], [338], [350], [358]]
blank badges [[7], [18], [30], [40], [54], [63], [75], [85], [97], [107], [119], [129], [141], [152], [164], [174], [186], [197], [207], [215], [222], [234], [252], [263], [274], [285], [295], [306], [318], [329], [339], [350], [358]]
scanner batt [[10], [22], [34], [48], [57], [68], [78], [90], [102], [112], [125], [135], [148], [159], [171], [182], [195], [206], [222], [233], [253], [264], [277], [287], [300], [310], [323], [333], [344], [355]]
meat trays [[11], [22], [33], [45], [56], [65], [76], [87], [99], [109], [120], [131], [143], [154], [165], [175], [187], [198], [208], [215], [236], [252], [263], [274], [285], [295], [306], [318], [329], [338], [350], [358]]
produce bags [[12], [22], [34], [47], [57], [66], [77], [88], [100], [110], [122], [132], [144], [155], [166], [176], [188], [199], [210], [216], [224], [239], [253], [264], [276], [286], [297], [308], [319], [331], [341], [352], [360]]
soap [[11], [22], [33], [46], [56], [65], [76], [87], [100], [110], [122], [132], [143], [155], [166], [176], [189], [199], [211], [217], [225], [241], [254], [265], [276], [287], [299], [309], [320], [331], [342], [353], [362]]
wrenches [[10], [22], [35], [49], [59], [70], [81], [94], [105], [118], [129], [142], [154], [166], [177], [190], [202], [213], [220], [229], [251], [263], [275], [287], [299], [310], [323], [334], [345], [356]]
water bottles [[8], [20], [31], [41], [55], [64], [86], [98], [109], [120], [131], [142], [153], [165], [174], [186], [197], [208], [215], [236], [252], [263], [274], [285], [295], [306], [318], [329], [339], [350], [358]]
keyboards [[9], [21], [32], [44], [57], [67], [77], [90], [101], [111], [124], [134], [147], [158], [169], [180], [192], [204], [252], [263], [275], [286], [297], [308], [320], [331], [342], [353], [363]]
photo paper [[7], [18], [30], [39], [54], [63], [74], [84], [95], [106], [118], [128], [140], [151], [163], [173], [184], [196], [206], [222], [232], [253], [263], [274], [285], [296], [307], [318], [329], [339], [350], [358]]
plastic wrap [[7], [18], [30], [40], [55], [63], [75], [85], [97], [108], [119], [129], [141], [153], [164], [174], [186], [197], [208], [215], [236], [252], [263], [274], [285], [296], [307], [318], [329], [339], [350], [358]]
