toilet paper [[12, 17, 12], [24, 19, 12], [35, 22, 12], [47, 9, 12], [58, 23, 12], [70, 14, 12], [81, 12, 12], [92, 20, 12], [115, 21, 12], [127, 13, 12], [138, 11, 12], [150, 13, 12], [161, 16, 12], [172, 21, 12], [184, 17, 12], [195, 20, 12], [208, 7, 12], [222, 4, 24], [228, 6, 24], [236, 19, 12], [248, 21, 12], [260, 13, 12], [271, 23, 12], [284, 9, 12], [295, 17, 12], [306, 15, 12], [318, 17, 12], [329, 20, 12], [340, 13, 12], [350, 20, 12], [357, 15, 24]]
paper towel [[10, 27, 19], [21, 31, 19], [33, 28, 19], [45, 11, 38], [55, 34, 19], [68, 12, 19], [78, 22, 19], [89, 37, 19], [102, 13, 19], [111, 32, 19], [124, 10, 19], [134, 31, 19], [146, 16, 19], [158, 22, 19], [169, 34, 19], [180, 30, 19], [192, 32, 19], [203, 36, 19], [214, 15, 38], [220, 13, 38], [225, 34, 38], [231, 35, 19], [243, 32, 19], [255, 34, 19], [267, 20, 19], [278, 35, 19], [290, 37, 19], [302, 23, 19], [313, 19, 19], [325, 21, 19], [335, 25, 19], [346, 19, 19], [355, 5, 38], [363, 14, 19]]
cleaner [[8, 6, 4], [20, 5, 4], [33, 3, 4], [45, 2, 8], [56, 5, 4], [68, 7, 4], [80, 4, 4], [91, 7, 4], [116, 4, 4], [128, 5, 4], [139, 4, 4], [152, 2, 4], [164, 5, 4], [175, 4, 4], [187, 6, 4], [200, 4, 4], [212, 5, 4], [218, 3, 8], [242, 4, 4], [254, 5, 4], [266, 4, 4], [278, 6, 4], [291, 4, 4], [303, 5, 4], [314, 4, 4], [327, 2, 4], [338, 1, 8], [348, 6, 4], [356, 4, 8]]
plastic bags [[10, 293, 160], [21, 294, 160], [33, 232, 160], [45, 58, 320], [55, 219, 160], [67, 237, 160], [77, 206, 160], [89, 144, 160], [100, 290, 160], [110, 291, 160], [122, 277, 160], [132, 278, 160], [144, 296, 160], [156, 202, 160], [167, 203, 160], [178, 285, 160], [189, 286, 160], [201, 224, 160], [213, 50, 320], [218, 212, 320], [224, 52, 320], [241, 242, 160], [252, 243, 160], [264, 181, 160], [276, 167, 160], [287, 168, 160], [299, 106, 160], [309, 252, 160], [321, 93, 160], [332, 175, 160], [342, 176, 160], [352, 258, 320], [360, 3, 320]]
light bulbs [[9, 23, 18], [20, 26, 18], [32, 31, 18], [44, 24, 18], [55, 9, 18], [67, 14, 18], [76, 31, 36], [89, 9, 18], [100, 29, 18], [110, 31, 18], [122, 33, 18], [133, 18, 18], [145, 14, 18], [156, 34, 18], [168, 19, 18], [179, 24, 18], [190, 35, 18], [202, 20, 18], [213, 32, 36], [219, 16, 36], [224, 35, 36], [230, 19, 36], [242, 24, 18], [253, 35, 18], [265, 20, 18], [277, 25, 18], [289, 18, 18], [300, 21, 18], [311, 33, 18], [323, 19, 18], [334, 14, 18], [344, 34, 18], [354, 20, 18], [361, 29, 18]]
box cutters [[6, 46, 47], [18, 55, 47], [29, 78, 47], [41, 35, 47], [52, 62, 47], [63, 66, 47], [75, 52, 47], [85, 70, 47], [97, 27, 47], [107, 73, 47], [118, 77, 47], [130, 39, 47], [141, 62, 47], [153, 19, 47], [164, 93, 47], [175, 50, 47], [187, 36, 47], [198, 82, 47], [209, 86, 47], [216, 88, 94], [229, 11, 94], [238, 75, 47], [250, 61, 47], [262, 60, 47], [273, 64, 47], [285, 50, 47], [297, 49, 47], [307, 53, 47], [319, 62, 47], [330, 85, 47], [340, 93, 47], [351, 69, 47], [357, 89, 94]]
office chair [[12, 4, 3], [25, 4, 3], [38, 4, 3], [49, 5, 3], [62, 4, 3], [75, 4, 3], [87, 3, 3], [99, 5, 3], [110, 5, 3], [123, 5, 3], [135, 5, 3], [148, 4, 3], [160, 5, 3], [173, 2, 3], [186, 2, 3], [198, 5, 3], [211, 4, 3], [217, 5, 6], [223, 4, 6], [242, 4, 3], [255, 4, 3], [268, 3, 3], [280, 4, 3], [293, 3, 3], [305, 4, 3], [318, 4, 3], [341, 5, 3], [360, 3, 6]]
pens [[9, 103, 62], [20, 106, 62], [32, 116, 62], [44, 82, 62], [54, 122, 62], [66, 119, 62], [76, 85, 124], [88, 95, 62], [99, 123, 62], [110, 64, 62], [121, 123, 62], [132, 64, 62], [144, 74, 62], [155, 102, 62], [167, 43, 62], [178, 77, 62], [189, 80, 62], [201, 59, 62], [212, 118, 62], [218, 58, 124], [223, 121, 124], [241, 96, 62], [252, 99, 62], [264, 78, 62], [276, 75, 62], [287, 78, 62], [299, 57, 62], [309, 116, 62], [321, 57, 62], [332, 91, 62], [342, 94, 62], [353, 4, 124], [360, 31, 124]]
printer paper [[11, 10, 8], [23, 9, 8], [34, 12, 8], [46, 8, 8], [57, 15, 8], [69, 10, 8], [80, 12, 8], [91, 15, 8], [103, 15, 8], [114, 13, 8], [126, 8, 8], [137, 12, 8], [149, 11, 8], [160, 14, 8], [172, 10, 8], [184, 9, 8], [195, 12, 8], [208, 4, 8], [222, 3, 16], [228, 5, 16], [236, 14, 8], [249, 6, 8], [260, 13, 8], [272, 8, 8], [284, 12, 8], [296, 11, 8], [307, 6, 8], [319, 10, 8], [331, 1, 16], [341, 8, 8], [352, 3, 16], [359, 8, 8]]
blank badges [[10, 228, 139], [21, 232, 139], [33, 181, 139], [45, 32, 278], [55, 175, 139], [67, 193, 139], [77, 169, 139], [89, 118, 139], [100, 247, 139], [110, 251, 139], [122, 241, 139], [132, 245, 139], [144, 263, 139], [156, 184, 139], [167, 188, 139], [178, 261, 139], [189, 265, 139], [201, 214, 139], [213, 65, 278], [218, 207, 278], [224, 69, 278], [241, 212, 139], [252, 216, 139], [264, 165, 139], [276, 155, 139], [287, 159, 139], [299, 108, 139], [309, 237, 139], [321, 102, 139], [332, 175, 139], [342, 179, 139], [352, 252, 278], [360, 32, 278]]
scanner batt [[9, 8, 8], [20, 11, 8], [32, 15, 8], [44, 14, 8], [55, 9, 8], [67, 13, 8], [77, 14, 8], [89, 14, 8], [102, 6, 8], [111, 15, 8], [124, 7, 8], [135, 10, 8], [146, 13, 8], [159, 5, 8], [181, 11, 8], [193, 15, 8], [205, 14, 8], [221, 2, 16], [227, 2, 16], [234, 12, 8], [245, 15, 8], [257, 15, 8], [270, 7, 8], [281, 14, 8], [293, 9, 8], [305, 5, 8], [316, 12, 8], [328, 7, 8], [338, 14, 16], [349, 9, 8], [356, 14, 16]]
meat trays [[11, 229, 361], [22, 380, 361], [33, 601, 361], [45, 210, 722], [55, 576, 361], [67, 618, 361], [77, 550, 361], [89, 412, 361], [101, 382, 361], [111, 170, 361], [122, 717, 361], [133, 361, 361], [145, 223, 361], [156, 554, 361], [167, 559, 361], [179, 240, 361], [190, 391, 361], [201, 612, 361], [213, 221, 722], [218, 587, 722], [224, 227, 722], [241, 547, 361], [252, 552, 361], [264, 414, 361], [276, 384, 361], [287, 389, 361], [299, 251, 361], [309, 582, 361], [321, 226, 361], [332, 412, 361], [342, 417, 361], [352, 603, 722], [360, 28, 722]]
produce bags [[8, 31, 28], [19, 50, 28], [31, 51, 28], [42, 54, 28], [54, 18, 28], [65, 47, 28], [76, 5, 56], [87, 50, 28], [98, 53, 28], [109, 42, 28], [121, 29, 28], [131, 48, 28], [143, 49, 28], [154, 52, 28], [166, 44, 28], [177, 45, 28], [188, 48, 28], [200, 54, 28], [212, 41, 28], [218, 15, 56], [223, 44, 56], [229, 51, 56], [240, 35, 28], [251, 38, 28], [263, 44, 28], [275, 31, 28], [286, 34, 28], [298, 40, 28], [308, 54, 28], [320, 46, 28], [331, 47, 56], [342, 22, 28], [352, 39, 56], [359, 52, 28]]
soap [[11, 24, 15], [23, 18, 15], [34, 20, 15], [46, 9, 15], [57, 18, 15], [68, 29, 15], [79, 21, 15], [90, 23, 15], [102, 27, 15], [112, 26, 15], [124, 23, 15], [135, 24, 15], [146, 26, 15], [159, 8, 15], [170, 24, 15], [181, 11, 15], [193, 15, 15], [204, 24, 15], [214, 21, 30], [220, 19, 30], [226, 5, 30], [232, 21, 15], [244, 8, 15], [256, 12, 15], [267, 21, 15], [279, 8, 15], [291, 12, 15], [302, 21, 15], [313, 17, 15], [325, 18, 15], [335, 20, 15], [346, 15, 15], [355, 3, 30], [363, 9, 15]]
