toilet paper [[13], [26], [37], [48], [60], [72], [82], [95], [104], [117], [139], [151], [163], [174], [186], [198], [209], [216], [229], [238], [250], [263], [274], [286], [298], [309], [321], [332], [342], [353], [360]]
paper towel [[11], [23], [34], [46], [57], [69], [80], [91], [103], [113], [125], [136], [147], [159], [171], [182], [194], [206], [221], [234], [245], [257], [269], [280], [292], [304], [314], [327], [337], [348]]
cleaner [[8], [20], [33], [45], [56], [68], [80], [91], [116], [128], [139], [152], [164], [175], [187], [200], [212], [218], [242], [254], [266], [278], [291], [303], [314], [327], [338], [348], [356]]
plastic bags [[13], [25], [36], [47], [59], [70], [81], [92], [103], [114], [125], [136], [147], [159], [171], [181], [193], [204], [214], [220], [226], [232], [244], [256], [267], [278], [290], [301], [312], [324], [334], [345], [354], [362]]
light bulbs [[10], [21], [33], [45], [55], [67], [77], [89], [101], [111], [123], [134], [146], [158], [169], [180], [192], [204], [214], [220], [225], [232], [243], [256], [267], [279], [291], [302], [313], [325], [335], [346], [355], [363]]
box cutters [[6], [18], [29], [41], [52], [63], [75], [85], [97], [107], [118], [130], [141], [152], [164], [175], [187], [198], [209], [216], [229], [238], [250], [262], [273], [285], [296], [307], [319], [330], [340], [351], [357]]
office chair [[20], [33], [46], [59], [72], [83], [96], [108], [121], [133], [146], [159], [172], [185], [198], [210], [217], [223], [243], [256], [269], [282], [294], [307], [320], [332], [344], [363]]
pens [[9], [20], [32], [44], [54], [66], [76], [88], [99], [110], [121], [132], [144], [155], [167], [178], [189], [201], [212], [218], [223], [241], [252], [264], [276], [287], [299], [309], [321], [332], [342], [353], [360]]
printer paper [[13], [25], [37], [48], [60], [72], [83], [95], [105], [118], [129], [141], [153], [165], [176], [188], [200], [212], [218], [224], [242], [253], [265], [278], [290], [301], [313], [325], [335], [346], [355], [364]]
blank badges [[10], [21], [33], [45], [55], [67], [76], [89], [100], [110], [122], [132], [144], [156], [167], [178], [189], [201], [213], [218], [224], [241], [252], [264], [276], [287], [299], [309], [321], [332], [342], [352], [360]]
scanner batt [[11], [22], [34], [46], [58], [69], [81], [92], [116], [127], [138], [151], [163], [174], [186], [198], [209], [217], [229], [239], [251], [263], [275], [287], [299], [310], [322], [334], [345], [354], [362]]
meat trays [[6], [18], [30], [41], [52], [63], [75], [85], [97], [107], [118], [130], [141], [152], [164], [174], [186], [198], [209], [216], [222], [228], [237], [249], [260], [271], [283], [294], [306], [317], [328], [338], [349], [356]]
produce bags [[12], [24], [35], [46], [57], [69], [80], [91], [103], [113], [124], [135], [146], [159], [170], [181], [193], [204], [214], [220], [225], [231], [243], [255], [266], [278], [290], [301], [312], [324], [334], [345], [354], [362]]
soap [[8], [20], [32], [43], [54], [66], [76], [88], [100], [110], [122], [132], [145], [156], [167], [179], [190], [202], [213], [219], [224], [230], [242], [253], [265], [277], [289], [300], [312], [323], [334], [345], [354], [361]]
