toilet paper [[7], [18], [30], [40], [55], [63], [75], [86], [98], [108], [120], [131], [142], [153], [165], [175], [187], [198], [209], [216], [223], [237], [253], [264], [276], [287], [298], [308], [320], [331], [342], [352], [362]]
paper towel [[10], [21], [33], [45], [56], [65], [76], [87], [100], [110], [122], [132], [143], [155], [166], [176], [189], [199], [211], [217], [225], [241], [254], [265], [277], [287], [299], [309], [321], [332], [342], [353], [362]]
cleaner [[7], [20], [32], [44], [58], [68], [78], [92], [103], [115], [127], [139], [151], [163], [174], [187], [198], [210], [217], [225], [243], [254], [266], [278], [290], [301], [312], [325], [335], [347]]
plastic bags [[16], [29], [39], [53], [62], [73], [83], [95], [105], [117], [127], [138], [150], [161], [171], [183], [195], [206], [214], [221], [230], [252], [263], [274], [285], [295], [306], [318], [329], [338], [350], [358]]
light bulbs [[11], [22], [33], [46], [56], [65], [76], [87], [100], [110], [122], [132], [143], [155], [166], [176], [189], [199], [211], [217], [225], [241], [254], [265], [276], [287], [299], [309], [320], [331], [342], [353], [362]]
box cutters [[7], [18], [30], [39], [54], [63], [75], [85], [97], [108], [119], [129], [141], [153], [164], [174], [186], [197], [208], [215], [236], [252], [263], [274], [285], [296], [307], [318], [329], [339], [350], [358]]
office chair [[20], [32], [49], [60], [71], [83], [96], [108], [121], [133], [146], [158], [171], [183], [197], [209], [216], [224], [242], [255], [268], [280], [293], [304], [318], [330], [342], [353], [364]]
pens [[10], [21], [32], [43], [57], [66], [76], [88], [100], [110], [122], [132], [143], [155], [166], [176], [188], [199], [210], [216], [224], [239], [253], [263], [275], [286], [297], [308], [319], [330], [341], [352], [360]]
printer paper [[15], [27], [38], [52], [61], [72], [83], [95], [106], [118], [129], [141], [153], [165], [175], [187], [198], [210], [216], [224], [239], [254], [266], [277], [288], [300], [310], [323], [333], [344], [355]]
blank badges [[7], [18], [30], [40], [54], [63], [75], [85], [97], [107], [119], [129], [141], [152], [164], [174], [186], [197], [207], [215], [222], [234], [252], [263], [274], [285], [295], [306], [318], [329], [339], [350], [358]]
scanner batt [[12], [23], [36], [50], [59], [70], [80], [93], [103], [115], [127], [138], [150], [161], [172], [184], [196], [207], [222], [233], [253], [264], [276], [287], [299], [309], [321], [332], [343], [354]]
meat trays [[9], [21], [31], [42], [56], [65], [76], [87], [99], [109], [121], [131], [143], [154], [165], [175], [187], [198], [209], [216], [223], [237], [253], [263], [275], [286], [296], [307], [318], [329], [339], [350], [358]]
produce bags [[7], [19], [30], [40], [55], [64], [86], [99], [109], [120], [131], [143], [154], [165], [175], [187], [198], [209], [216], [223], [237], [253], [264], [276], [286], [297], [308], [319], [331], [341], [352], [361]]
soap [[8], [20], [31], [42], [56], [65], [76], [87], [100], [110], [122], [132], [143], [155], [166], [176], [189], [199], [211], [217], [225], [241], [254], [265], [277], [287], [299], [309], [321], [332], [342], [353], [362]]
wrenches [[16], [30], [42], [59], [70], [82], [95], [107], [119], [132], [144], [157], [170], [182], [196], [207], [223], [239], [255], [268], [279], [293], [304], [317], [330], [341], [353], [364]]
water bottles [[14], [25], [37], [50], [59], [69], [79], [91], [102], [112], [124], [134], [146], [157], [168], [179], [190], [201], [212], [218], [244], [255], [266], [277], [288], [299], [309], [321], [332], [342], [353], [362]]
keyboards [[9], [21], [32], [44], [57], [67], [77], [90], [101], [111], [124], [134], [147], [158], [169], [180], [192], [204], [252], [263], [275], [286], [297], [308], [320], [331], [342], [353], [363]]
photo paper [[12], [23], [35], [48], [57], [67], [77], [88], [100], [110], [122], [132], [143], [155], [166], [176], [188], [199], [210], [216], [223], [238], [253], [263], [275], [286], [296], [307], [318], [329], [339], [351], [359]]
plastic wrap [[6], [18], [29], [39], [54], [63], [75], [85], [97], [108], [119], [129], [141], [153], [165], [174], [187], [198], [208], [215], [236], [252], [263], [274], [285], [296], [307], [318], [330], [340], [351], [359]]
