toilet paper [[12], [23], [34], [45], [56], [68], [78], [90], [101], [111], [124], [134], [146], [157], [168], [179], [191], [202], [213], [219], [228], [247], [259], [270], [281], [292], [303], [315], [326], [337], [348], [357]]
paper towel [[12], [23], [34], [55], [68], [78], [90], [101], [111], [123], [133], [145], [157], [167], [178], [190], [201], [212], [218], [227], [245], [255], [267], [278], [289], [300], [310], [322], [333], [343], [354]]
cleaner [[7], [20], [31], [44], [54], [68], [78], [91], [102], [113], [126], [136], [149], [161], [172], [184], [197], [208], [223], [237], [254], [266], [278], [290], [301], [312], [325], [335], [347]]
plastic bags [[6], [17], [28], [39], [48], [61], [71], [81], [93], [104], [115], [127], [137], [149], [159], [171], [182], [194], [205], [214], [251], [262], [273], [284], [295], [305], [317], [328], [338], [349], [357]]
light bulbs [[8], [20], [31], [42], [52], [63], [75], [86], [98], [108], [119], [130], [142], [153], [165], [175], [187], [198], [209], [216], [223], [237], [253], [264], [276], [286], [298], [308], [319], [331], [342], [352], [361]]
box cutters [[14], [26], [37], [46], [59], [70], [79], [92], [102], [113], [125], [135], [147], [158], [169], [180], [191], [203], [213], [228], [247], [259], [270], [281], [292], [303], [315], [326], [336], [347], [356]]
office chair [[7], [20], [31], [44], [54], [68], [78], [91], [102], [113], [126], [136], [149], [161], [172], [184], [197], [208], [223], [237], [254], [266], [278], [290], [301], [312], [325], [335], [347]]
pens [[7], [18], [29], [40], [50], [62], [73], [83], [94], [104], [117], [127], [138], [150], [160], [171], [183], [195], [206], [214], [221], [230], [252], [262], [273], [285], [295], [306], [318], [328], [338], [350], [358]]
printer paper [[7], [19], [30], [41], [51], [63], [74], [84], [95], [106], [118], [129], [140], [151], [163], [173], [185], [197], [207], [215], [222], [234], [252], [263], [274], [285], [296], [307], [318], [330], [340], [351], [359]]
blank badges [[7], [18], [29], [40], [50], [62], [73], [83], [94], [104], [117], [127], [138], [150], [160], [171], [182], [194], [205], [214], [221], [230], [252], [262], [273], [284], [295], [305], [317], [328], [338], [349], [357]]
scanner batt [[12], [23], [35], [45], [57], [69], [79], [92], [103], [115], [127], [137], [150], [161], [172], [183], [196], [207], [215], [222], [235], [253], [263], [276], [286], [298], [309], [320], [332], [343], [353], [364]]
meat trays [[9], [20], [31], [42], [52], [63], [75], [85], [97], [107], [119], [129], [141], [152], [164], [174], [186], [197], [207], [215], [222], [234], [252], [263], [274], [285], [295], [306], [318], [329], [338], [350], [358]]
produce bags [[12], [22], [33], [55], [68], [78], [89], [101], [110], [123], [133], [144], [156], [166], [176], [189], [199], [211], [217], [225], [241], [254], [264], [276], [287], [298], [308], [319], [331], [341], [352], [361]]
soap [[11], [22], [33], [44], [55], [67], [77], [88], [101], [111], [123], [133], [145], [157], [167], [178], [190], [201], [212], [218], [244], [255], [267], [278], [288], [300], [310], [322], [333], [343], [354]]
