toilet paper [[8], [20], [32], [43], [54], [66], [76], [88], [100], [110], [122], [132], [145], [156], [167], [179], [190], [202], [213], [219], [224], [230], [242], [253], [265], [277], [289], [300], [311], [323], [334], [345], [354], [361]]
paper towel [[9], [20], [32], [44], [54], [66], [76], [88], [100], [110], [122], [132], [145], [156], [167], [179], [190], [202], [213], [219], [224], [230], [242], [253], [265], [277], [288], [300], [311], [323], [334], [344], [354], [361]]
cleaner [[12], [25], [38], [49], [62], [75], [87], [99], [110], [123], [135], [148], [160], [173], [186], [198], [211], [217], [223], [242], [255], [268], [280], [293], [305], [318], [341], [360]]
plastic bags [[10], [21], [33], [44], [55], [67], [76], [88], [100], [110], [122], [132], [144], [155], [167], [178], [189], [201], [212], [218], [223], [229], [240], [251], [263], [274], [286], [298], [308], [320], [331], [341], [352], [358]]
light bulbs [[9], [20], [32], [44], [55], [67], [76], [89], [100], [110], [122], [133], [145], [156], [168], [179], [190], [202], [213], [219], [224], [230], [242], [253], [265], [277], [289], [300], [311], [323], [334], [344], [354], [361]]
box cutters [[6], [18], [29], [41], [52], [63], [75], [85], [97], [107], [118], [130], [141], [153], [164], [175], [187], [198], [209], [216], [229], [238], [250], [262], [273], [285], [297], [307], [319], [330], [340], [351], [357]]
office chair [[20], [33], [46], [59], [72], [83], [96], [108], [121], [133], [146], [159], [172], [185], [198], [210], [217], [223], [243], [256], [269], [282], [294], [307], [320], [332], [344], [363]]
pens [[12], [23], [34], [46], [57], [68], [79], [90], [102], [112], [124], [134], [146], [158], [169], [180], [192], [203], [214], [219], [225], [230], [243], [254], [265], [277], [289], [300], [311], [322], [334], [344], [354], [361]]
printer paper [[11], [23], [34], [46], [57], [69], [80], [91], [103], [114], [126], [137], [149], [160], [172], [184], [195], [208], [222], [228], [236], [249], [260], [272], [284], [296], [307], [319], [331], [341], [352], [359]]
blank badges [[9], [20], [32], [43], [54], [66], [76], [88], [99], [109], [121], [131], [143], [154], [166], [177], [188], [200], [211], [217], [223], [229], [239], [251], [262], [273], [285], [297], [307], [319], [331], [341], [351], [358]]
scanner batt [[15], [27], [39], [50], [62], [74], [85], [97], [108], [119], [131], [143], [154], [166], [178], [189], [201], [213], [219], [224], [230], [242], [254], [265], [278], [290], [301], [313], [325], [335], [346], [355], [363]]
meat trays [[9], [20], [32], [44], [54], [66], [76], [88], [99], [110], [121], [132], [144], [155], [166], [177], [188], [200], [212], [218], [223], [229], [239], [251], [263], [274], [286], [297], [307], [320], [331], [341], [351], [358]]
produce bags [[11], [22], [34], [45], [56], [68], [78], [90], [102], [112], [124], [135], [146], [158], [169], [180], [192], [203], [214], [220], [225], [231], [243], [255], [266], [278], [290], [301], [312], [324], [335], [345], [363]]
soap [[11], [23], [34], [46], [57], [68], [79], [90], [102], [112], [124], [135], [146], [159], [170], [181], [193], [204], [214], [220], [226], [232], [244], [256], [267], [279], [291], [302], [313], [325], [335], [346], [355], [363]]
