toilet paper [[8], [20], [31], [42], [56], [66], [76], [87], [100], [110], [122], [133], [144], [156], [166], [177], [189], [199], [211], [217], [225], [241], [254], [265], [277], [287], [299], [309], [321], [332], [342], [353], [363]]
paper towel [[7], [19], [30], [40], [55], [64], [86], [99], [109], [120], [131], [143], [154], [165], [175], [188], [198], [209], [216], [223], [238], [253], [263], [275], [286], [297], [308], [319], [331], [341], [352], [360]]
cleaner [[20], [32], [49], [60], [71], [83], [96], [108], [121], [133], [146], [158], [171], [183], [197], [209], [216], [224], [242], [255], [268], [280], [293], [304], [318], [330], [342], [353], [364]]
plastic bags [[8], [20], [31], [41], [55], [64], [86], [98], [109], [120], [131], [142], [153], [164], [174], [186], [197], [208], [215], [236], [252], [263], [274], [285], [295], [306], [318], [329], [338], [350], [358]]
light bulbs [[9], [21], [32], [43], [57], [67], [77], [88], [101], [111], [123], [133], [145], [157], [167], [178], [190], [201], [219], [246], [258], [269], [280], [292], [302], [313], [325], [335], [346], [356]]
box cutters [[7], [19], [30], [41], [55], [64], [86], [99], [109], [120], [131], [142], [154], [165], [175], [187], [198], [209], [216], [223], [237], [253], [263], [275], [286], [297], [308], [319], [330], [341], [352], [360]]
office chair [[12], [23], [37], [52], [61], [73], [84], [96], [108], [120], [132], [144], [157], [168], [180], [192], [205], [214], [221], [231], [254], [266], [278], [290], [302], [312], [326], [336], [348], [357]]
pens [[7], [19], [30], [41], [55], [64], [86], [98], [109], [120], [131], [142], [153], [165], [175], [187], [198], [208], [215], [236], [252], [263], [274], [285], [296], [307], [318], [329], [339], [350], [358]]
printer paper [[13], [24], [37], [52], [61], [72], [83], [95], [106], [118], [129], [141], [153], [165], [175], [188], [199], [211], [217], [225], [243], [254], [266], [277], [288], [301], [311], [324], [334], [345]]
blank badges [[7], [19], [30], [40], [55], [63], [75], [86], [97], [108], [119], [130], [142], [152], [164], [174], [185], [197], [207], [215], [222], [234], [252], [263], [274], [285], [295], [306], [318], [328], [338], [350], [358]]
scanner batt [[12], [23], [36], [50], [59], [70], [80], [93], [103], [115], [127], [138], [150], [161], [172], [184], [196], [207], [222], [233], [253], [264], [276], [287], [299], [309], [321], [332], [343], [354]]
meat trays [[10], [21], [33], [44], [56], [65], [76], [87], [99], [109], [121], [131], [143], [154], [165], [175], [187], [198], [209], [216], [223], [237], [253], [263], [275], [285], [296], [307], [318], [329], [339], [350], [358]]
produce bags [[7], [18], [30], [40], [55], [63], [75], [86], [98], [108], [119], [130], [142], [153], [164], [174], [186], [197], [208], [215], [236], [252], [263], [274], [285], [296], [307], [318], [330], [340], [351], [359]]
soap [[11], [22], [33], [46], [56], [65], [76], [87], [100], [110], [122], [132], [143], [155], [166], [176], [189], [199], [211], [217], [225], [241], [254], [265], [276], [287], [299], [309], [320], [331], [342], [353], [362]]
wrenches [[16], [30], [42], [59], [70], [82], [95], [107], [119], [132], [144], [157], [170], [182], [196], [207], [223], [239], [255], [268], [279], [293], [304], [317], [330], [341], [353], [364]]
water bottles [[14], [26], [37], [51], [60], [70], [80], [92], [103], [114], [126], [136], [148], [159], [170], [181], [193], [204], [220], [229], [250], [261], [271], [283], [294], [304], [316], [327], [338], [349], [357]]
keyboards [[9], [21], [32], [44], [57], [67], [77], [90], [101], [111], [124], [134], [147], [158], [169], [180], [192], [204], [252], [263], [275], [286], [297], [308], [320], [331], [342], [353], [363]]
photo paper [[11], [22], [34], [46], [56], [65], [76], [87], [99], [109], [120], [131], [142], [153], [165], [175], [187], [198], [208], [215], [236], [252], [263], [274], [285], [295], [306], [318], [329], [338], [350], [358]]
plastic wrap [[10], [21], [33], [44], [57], [67], [77], [88], [101], [110], [123], [133], [144], [156], [167], [177], [189], [200], [212], [218], [226], [244], [254], [266], [277], [288], [299], [310], [321], [332], [343], [353], [363]]
