toilet paper [[14], [25], [37], [46], [58], [69], [79], [92], [102], [112], [125], [135], [147], [158], [169], [180], [191], [202], [213], [219], [228], [247], [258], [269], [280], [292], [302], [312], [325], [335], [345]]
paper towel [[13], [24], [36], [46], [57], [69], [79], [92], [102], [112], [125], [135], [147], [158], [169], [180], [191], [203], [213], [228], [247], [259], [270], [281], [293], [303], [315], [326], [336], [347]]
cleaner [[12], [23], [36], [46], [59], [71], [82], [95], [106], [119], [130], [143], [155], [167], [178], [191], [203], [213], [220], [229], [252], [263], [276], [287], [300], [311], [324], [335], [346], [356]]
plastic bags [[9], [21], [31], [43], [52], [63], [75], [86], [97], [108], [119], [130], [142], [152], [164], [174], [185], [197], [207], [215], [222], [234], [252], [263], [274], [285], [295], [306], [318], [329], [338], [350], [358]]
light bulbs [[11], [22], [33], [44], [55], [67], [77], [88], [101], [111], [123], [133], [145], [156], [167], [178], [190], [200], [212], [218], [226], [244], [255], [266], [277], [288], [300], [310], [322], [332], [343], [353], [363]]
box cutters [[12], [23], [34], [45], [56], [68], [78], [90], [101], [111], [124], [134], [145], [157], [167], [178], [190], [201], [212], [218], [227], [245], [255], [267], [278], [289], [300], [310], [322], [333], [343], [354]]
office chair [[12], [23], [36], [46], [59], [71], [82], [95], [106], [119], [130], [143], [155], [167], [178], [191], [203], [213], [220], [229], [252], [263], [276], [287], [300], [311], [324], [335], [346], [356]]
pens [[7], [19], [30], [40], [51], [62], [73], [84], [95], [105], [117], [128], [140], [151], [162], [173], [184], [195], [206], [222], [232], [253], [263], [275], [286], [296], [307], [318], [330], [340], [351], [359]]
printer paper [[15], [26], [38], [47], [60], [71], [82], [94], [104], [117], [127], [139], [151], [162], [173], [185], [197], [207], [215], [236], [253], [264], [276], [287], [299], [309], [321], [332], [343], [354]]
blank badges [[7], [18], [29], [40], [50], [62], [72], [83], [94], [104], [117], [127], [138], [149], [160], [171], [182], [194], [205], [214], [221], [230], [251], [262], [273], [284], [295], [305], [317], [328], [338], [349], [357]]
scanner batt [[10], [22], [33], [56], [69], [79], [92], [103], [114], [126], [137], [150], [161], [172], [184], [196], [207], [215], [222], [235], [253], [264], [276], [287], [299], [310], [322], [333], [344], [355]]
meat trays [[8], [20], [30], [41], [52], [63], [74], [84], [95], [106], [118], [128], [140], [151], [163], [173], [184], [196], [206], [222], [232], [253], [263], [274], [285], [296], [307], [318], [329], [339], [350], [358]]
produce bags [[12], [22], [33], [55], [68], [78], [89], [101], [110], [123], [133], [144], [156], [166], [176], [189], [199], [211], [217], [225], [241], [254], [264], [276], [287], [298], [308], [319], [331], [341], [352], [361]]
soap [[8], [20], [31], [42], [52], [63], [75], [86], [98], [108], [119], [130], [142], [153], [165], [175], [187], [198], [209], [216], [223], [237], [253], [264], [276], [286], [298], [308], [319], [331], [342], [352], [361]]
