toilet paper [[12, 17, 12], [24, 19, 12], [35, 22, 12], [47, 9, 12], [58, 23, 12], [70, 14, 12], [81, 12, 12], [92, 20, 12], [115, 21, 12], [127, 13, 12], [138, 11, 12], [150, 13, 12], [161, 16, 12], [172, 21, 12], [184, 17, 12], [195, 20, 12], [208, 7, 12], [222, 4, 24], [228, 6, 24], [236, 19, 12], [248, 21, 12], [260, 13, 12], [271, 23, 12], [284, 9, 12], [295, 17, 12], [306, 15, 12], [318, 17, 12], [329, 20, 12], [340, 13, 12], [350, 20, 12], [357, 15, 24]]
paper towel [[11, 31, 17], [23, 25, 17], [34, 29, 17], [46, 18, 17], [57, 29, 17], [69, 16, 17], [80, 18, 17], [91, 22, 17], [103, 20, 17], [113, 29, 17], [125, 16, 17], [136, 28, 17], [147, 32, 17], [159, 30, 17], [171, 15, 34], [182, 19, 17], [194, 17, 17], [206, 19, 17], [221, 2, 34], [234, 19, 17], [245, 23, 17], [257, 21, 17], [269, 23, 17], [280, 27, 17], [292, 25, 17], [304, 10, 34], [314, 31, 17], [327, 12, 17], [337, 31, 17], [348, 11, 17]]
cleaner [[12, 4, 3], [25, 4, 3], [38, 4, 3], [49, 5, 3], [62, 4, 3], [75, 4, 3], [87, 3, 3], [99, 5, 3], [110, 5, 3], [123, 5, 3], [135, 5, 3], [148, 4, 3], [160, 5, 3], [173, 2, 3], [186, 2, 3], [198, 5, 3], [211, 4, 3], [217, 5, 6], [223, 4, 6], [242, 4, 3], [255, 4, 3], [268, 3, 3], [280, 4, 3], [293, 3, 3], [305, 4, 3], [318, 4, 3], [341, 5, 3], [360, 3, 6]]
plastic bags [[6, 345, 222], [18, 373, 222], [30, 245, 222], [41, 249, 222], [52, 365, 222], [63, 369, 222], [75, 286, 222], [85, 358, 222], [97, 140, 222], [107, 345, 222], [118, 349, 222], [130, 155, 222], [141, 249, 222], [152, 386, 222], [164, 369, 222], [174, 373, 222], [186, 401, 222], [198, 273, 222], [209, 277, 222], [216, 280, 444], [222, 328, 444], [228, 332, 444], [237, 180, 222], [249, 208, 222], [260, 302, 222], [271, 439, 222], [283, 422, 222], [294, 426, 222], [306, 121, 222], [317, 326, 222], [328, 330, 222], [339, 224, 222], [349, 228, 222], [356, 320, 444]]
light bulbs [[9, 23, 18], [20, 26, 18], [32, 31, 18], [44, 24, 18], [55, 9, 18], [67, 14, 18], [76, 31, 36], [89, 9, 18], [100, 29, 18], [110, 31, 18], [122, 33, 18], [133, 18, 18], [145, 14, 18], [156, 34, 18], [168, 19, 18], [179, 24, 18], [190, 35, 18], [202, 20, 18], [213, 32, 36], [219, 16, 36], [224, 35, 36], [230, 19, 36], [242, 24, 18], [253, 35, 18], [265, 20, 18], [277, 25, 18], [289, 18, 18], [300, 21, 18], [311, 33, 18], [323, 19, 18], [334, 14, 18], [344, 34, 18], [354, 20, 18], [361, 29, 18]]
box cutters [[6, 36, 48], [18, 44, 48], [29, 67, 48], [41, 22, 48], [52, 49, 48], [63, 52, 48], [75, 36, 48], [85, 54, 48], [96, 85, 48], [107, 55, 48], [118, 58, 48], [129, 85, 96], [140, 88, 48], [152, 72, 48], [164, 71, 48], [174, 74, 48], [186, 82, 48], [198, 57, 48], [209, 60, 48], [216, 62, 96], [222, 73, 96], [228, 75, 96], [237, 44, 48], [249, 52, 48], [260, 75, 48], [272, 30, 48], [284, 38, 48], [295, 61, 48], [306, 44, 48], [317, 91, 48], [328, 94, 48], [339, 73, 48], [349, 76, 48], [357, 1, 96]]
office chair [[12, 4, 3], [25, 4, 3], [38, 4, 3], [49, 5, 3], [62, 4, 3], [75, 4, 3], [87, 3, 3], [99, 5, 3], [110, 5, 3], [123, 5, 3], [135, 5, 3], [148, 4, 3], [160, 5, 3], [173, 2, 3], [186, 2, 3], [198, 5, 3], [211, 4, 3], [217, 5, 6], [223, 4, 6], [242, 4, 3], [255, 4, 3], [268, 3, 3], [280, 4, 3], [293, 3, 3], [305, 4, 3], [318, 4, 3], [341, 5, 3], [360, 3, 6]]
pens [[7, 132, 71], [19, 108, 71], [31, 105, 71], [42, 109, 71], [53, 120, 71], [65, 82, 71], [87, 110, 71], [98, 114, 71], [109, 82, 71], [120, 115, 71], [131, 90, 71], [143, 87, 71], [154, 91, 71], [166, 67, 71], [176, 135, 71], [188, 68, 71], [200, 79, 71], [211, 112, 71], [217, 113, 142], [223, 44, 142], [229, 60, 142], [239, 85, 71], [250, 131, 71], [262, 128, 71], [273, 132, 71], [285, 108, 71], [297, 105, 71], [307, 109, 71], [319, 120, 71], [331, 11, 142], [341, 57, 71], [351, 125, 71], [358, 84, 71]]
printer paper [[9, 17, 9], [21, 12, 9], [33, 13, 9], [45, 7, 18], [56, 11, 9], [68, 12, 9], [79, 10, 9], [90, 14, 9], [103, 6, 9], [113, 13, 9], [125, 8, 9], [136, 16, 9], [148, 12, 9], [160, 7, 9], [171, 15, 18], [183, 11, 9], [195, 6, 9], [207, 11, 9], [215, 14, 18], [221, 16, 18], [227, 16, 18], [235, 15, 9], [247, 14, 9], [259, 9, 9], [271, 10, 9], [283, 13, 9], [294, 17, 9], [306, 9, 9], [318, 12, 9], [329, 16, 9], [340, 12, 9], [351, 11, 9], [357, 16, 18]]
blank badges [[6, 297, 190], [18, 318, 190], [30, 206, 190], [41, 207, 190], [52, 304, 190], [63, 305, 190], [75, 231, 190], [85, 290, 190], [97, 101, 190], [107, 274, 190], [118, 275, 190], [129, 372, 380], [140, 373, 190], [152, 299, 190], [164, 282, 190], [174, 283, 190], [186, 304, 190], [198, 192, 190], [209, 193, 190], [216, 194, 380], [222, 234, 380], [228, 236, 380], [237, 104, 190], [249, 125, 190], [260, 203, 190], [271, 318, 190], [283, 301, 190], [294, 302, 190], [305, 323, 190], [317, 211, 190], [328, 212, 190], [338, 309, 380], [349, 120, 190], [356, 197, 380]]
scanner batt [[7, 13, 9], [19, 14, 9], [31, 17, 9], [43, 13, 9], [54, 13, 9], [66, 16, 9], [76, 15, 18], [89, 7, 9], [101, 10, 9], [111, 9, 9], [123, 14, 9], [134, 13, 9], [146, 8, 9], [158, 13, 9], [170, 12, 9], [181, 7, 9], [193, 12, 9], [205, 11, 9], [221, 2, 18], [227, 2, 18], [234, 13, 9], [245, 17, 9], [258, 4, 9], [270, 9, 9], [281, 17, 9], [293, 12, 9], [305, 8, 9], [316, 16, 9], [328, 11, 9], [339, 10, 9], [349, 14, 9], [357, 2, 18]]
meat trays [[9, 559, 404], [20, 564, 404], [32, 612, 404], [43, 781, 404], [54, 624, 404], [66, 591, 404], [76, 354, 808], [88, 402, 404], [99, 571, 404], [109, 778, 404], [121, 543, 404], [131, 790, 404], [143, 757, 404], [154, 762, 404], [166, 608, 404], [177, 575, 404], [188, 580, 404], [200, 628, 404], [211, 797, 404], [217, 798, 808], [223, 400, 808], [229, 486, 808], [239, 615, 404], [251, 216, 404], [263, 264, 404], [274, 433, 404], [285, 680, 404], [297, 647, 404], [307, 652, 404], [319, 700, 404], [331, 61, 808], [341, 308, 404], [351, 679, 404], [358, 441, 404]]
produce bags [[10, 43, 23], [22, 25, 23], [33, 42, 23], [45, 21, 46], [56, 25, 23], [68, 20, 23], [78, 31, 23], [90, 12, 23], [102, 18, 23], [111, 40, 23], [124, 12, 23], [134, 37, 23], [146, 18, 23], [158, 24, 23], [169, 38, 23], [180, 32, 23], [192, 34, 23], [203, 38, 23], [214, 12, 46], [220, 9, 46], [225, 34, 46], [231, 35, 23], [243, 30, 23], [255, 32, 23], [266, 36, 23], [278, 31, 23], [290, 33, 23], [301, 37, 23], [312, 43, 23], [324, 34, 23], [335, 15, 23], [345, 30, 46], [363, 10, 23]]
soap [[10, 19, 17], [21, 23, 17], [33, 21, 17], [45, 6, 34], [55, 27, 17], [67, 33, 17], [77, 33, 17], [89, 31, 17], [101, 33, 17], [111, 27, 17], [123, 33, 17], [134, 27, 17], [146, 14, 17], [158, 20, 17], [169, 31, 17], [180, 28, 17], [192, 30, 17], [204, 18, 17], [214, 16, 34], [220, 14, 34], [225, 33, 34], [232, 18, 17], [243, 32, 17], [256, 11, 17], [267, 22, 17], [279, 9, 17], [291, 15, 17], [302, 26, 17], [313, 23, 17], [325, 25, 17], [335, 29, 17], [346, 24, 17], [355, 12, 34], [363, 20, 17]]
