toilet paper [[8], [20], [31], [41], [56], [65], [76], [87], [99], [109], [121], [132], [143], [155], [166], [175], [188], [199], [210], [216], [224], [239], [254], [264], [276], [287], [298], [309], [320], [331], [342], [353], [362]]
paper towel [[7], [18], [30], [40], [55], [63], [75], [86], [97], [108], [119], [130], [142], [153], [164], [174], [186], [197], [208], [215], [236], [252], [263], [275], [286], [296], [307], [319], [330], [341], [352], [360]]
cleaner [[20], [32], [49], [60], [71], [83], [96], [108], [121], [133], [146], [158], [171], [183], [197], [209], [216], [224], [242], [255], [268], [280], [293], [304], [318], [330], [342], [353], [364]]
plastic bags [[14], [25], [37], [51], [60], [70], [80], [92], [103], [114], [126], [135], [148], [159], [170], [181], [192], [204], [213], [220], [229], [248], [260], [271], [282], [293], [303], [315], [326], [337], [348]]
light bulbs [[9], [21], [32], [43], [57], [67], [77], [88], [101], [111], [123], [133], [145], [157], [167], [178], [190], [201], [219], [246], [258], [269], [280], [292], [302], [313], [325], [335], [346], [356]]
box cutters [[14], [25], [36], [50], [59], [69], [79], [92], [102], [112], [125], [135], [147], [158], [169], [180], [191], [202], [213], [228], [247], [259], [270], [281], [292], [303], [315], [326], [336], [347], [356]]
office chair [[20], [32], [49], [60], [71], [83], [96], [108], [121], [133], [146], [158], [171], [183], [197], [209], [216], [224], [242], [255], [268], [280], [293], [304], [318], [330], [342], [353], [364]]
pens [[9], [21], [31], [43], [56], [65], [76], [87], [99], [109], [120], [131], [143], [154], [165], [175], [187], [198], [209], [216], [223], [237], [253], [263], [275], [286], [297], [307], [319], [330], [340], [359]]
printer paper [[13], [24], [37], [52], [61], [72], [83], [95], [106], [118], [129], [141], [153], [165], [175], [188], [199], [211], [217], [225], [243], [254], [266], [277], [288], [301], [311], [324], [334], [345]]
blank badges [[7], [19], [30], [40], [55], [63], [75], [85], [97], [108], [119], [129], [141], [153], [164], [174], [186], [197], [207], [215], [222], [234], [253], [263], [274], [285], [296], [307], [318], [329], [339], [350], [358]]
scanner batt [[10], [22], [34], [48], [57], [68], [78], [90], [102], [112], [125], [135], [148], [159], [171], [182], [195], [206], [222], [233], [253], [264], [277], [287], [300], [310], [323], [333], [344], [355]]
meat trays [[12], [22], [34], [46], [56], [65], [76], [87], [99], [109], [120], [131], [143], [154], [165], [175], [187], [198], [208], [215], [236], [252], [263], [274], [285], [295], [306], [318], [329], [338], [350], [358]]
produce bags [[7], [19], [30], [40], [55], [64], [86], [99], [109], [120], [131], [143], [154], [165], [175], [187], [198], [209], [216], [223], [237], [253], [264], [276], [286], [297], [308], [319], [331], [341], [352], [361]]
soap [[10], [21], [32], [44], [56], [66], [76], [87], [100], [110], [122], [132], [144], [156], [166], [176], [189], [199], [211], [217], [225], [241], [254], [265], [277], [287], [299], [309], [321], [332], [342], [353], [363]]
wrenches [[16], [30], [42], [59], [70], [82], [95], [107], [119], [132], [144], [157], [170], [182], [196], [207], [223], [239], [255], [268], [279], [293], [304], [317], [330], [341], [353], [364]]
water bottles [[11], [21], [33], [45], [56], [65], [76], [87], [99], [109], [120], [131], [142], [154], [165], [175], [187], [198], [208], [215], [236], [252], [263], [274], [285], [295], [306], [318], [329], [339], [350], [358]]
keyboards [[9], [21], [32], [44], [57], [67], [77], [90], [101], [111], [124], [134], [147], [158], [169], [180], [192], [204], [252], [263], [275], [286], [297], [308], [320], [331], [342], [353], [363]]
photo paper [[7], [18], [30], [40], [54], [63], [75], [85], [97], [107], [119], [129], [141], [152], [164], [174], [185], [197], [207], [215], [222], [234], [252], [263], [274], [285], [295], [306], [318], [328], [338], [350], [358]]
plastic wrap [[7], [19], [30], [40], [55], [64], [75], [86], [98], [108], [119], [130], [142], [153], [164], [174], [186], [197], [208], [215], [236], [252], [263], [274], [285], [296], [307], [318], [330], [340], [351], [359]]
