toilet paper [[7], [18], [29], [40], [50], [62], [73], [84], [95], [106], [118], [128], [140], [151], [163], [173], [185], [197], [207], [215], [222], [234], [253], [263], [275], [286], [297], [308], [319], [331], [341], [352], [360]]
paper towel [[8], [20], [30], [42], [52], [63], [75], [86], [97], [108], [119], [130], [142], [153], [165], [175], [187], [198], [209], [216], [223], [237], [253], [264], [276], [286], [298], [308], [319], [331], [342], [352], [361]]
cleaner [[7], [20], [31], [44], [54], [68], [78], [91], [102], [113], [126], [136], [149], [161], [172], [184], [197], [208], [223], [237], [254], [266], [278], [290], [301], [312], [325], [335], [347]]
plastic bags [[14], [25], [36], [46], [57], [69], [79], [91], [102], [112], [124], [134], [146], [157], [167], [178], [190], [201], [212], [218], [226], [244], [255], [266], [277], [287], [299], [309], [321], [331], [342], [353], [362]]
light bulbs [[10], [21], [32], [44], [54], [66], [76], [87], [100], [110], [122], [133], [144], [156], [166], [177], [189], [199], [211], [217], [225], [242], [254], [264], [276], [287], [298], [309], [320], [331], [342], [353], [362]]
box cutters [[11], [22], [33], [55], [68], [78], [89], [101], [111], [123], [133], [145], [156], [167], [177], [189], [200], [212], [218], [226], [244], [254], [266], [277], [287], [299], [309], [321], [332], [342], [353], [362]]
office chair [[12], [23], [36], [46], [59], [71], [82], [95], [106], [119], [130], [143], [155], [167], [178], [191], [203], [213], [220], [229], [252], [263], [276], [287], [300], [311], [324], [335], [346], [356]]
pens [[12], [22], [33], [55], [68], [77], [89], [100], [110], [122], [133], [144], [155], [166], [176], [188], [199], [210], [216], [224], [239], [253], [263], [275], [286], [297], [308], [319], [330], [340], [351], [359]]
printer paper [[15], [26], [38], [47], [60], [71], [82], [94], [104], [117], [127], [139], [151], [162], [173], [185], [197], [207], [215], [236], [253], [264], [276], [287], [299], [309], [321], [332], [343], [354]]
blank badges [[8], [20], [30], [41], [51], [63], [74], [84], [95], [106], [118], [128], [140], [151], [162], [173], [184], [196], [206], [222], [232], [253], [263], [275], [285], [296], [307], [318], [329], [339], [350], [358]]
scanner batt [[10], [22], [33], [56], [69], [79], [92], [103], [114], [126], [137], [150], [161], [172], [184], [196], [207], [215], [222], [235], [253], [264], [276], [287], [299], [310], [322], [333], [344], [355]]
meat trays [[9], [21], [31], [42], [52], [63], [75], [86], [97], [108], [119], [129], [141], [153], [164], [174], [186], [197], [207], [215], [222], [234], [253], [263], [274], [285], [296], [307], [318], [329], [339], [350], [358]]
produce bags [[9], [21], [31], [43], [53], [64], [86], [99], [109], [120], [131], [143], [154], [165], [175], [188], [198], [209], [216], [223], [238], [253], [263], [275], [286], [297], [308], [319], [331], [341], [352], [360]]
soap [[7], [19], [30], [41], [52], [63], [74], [85], [96], [107], [118], [129], [141], [152], [164], [174], [186], [197], [208], [215], [236], [253], [263], [275], [286], [297], [308], [319], [330], [341], [352], [360]]
