toilet paper [[10], [21], [32], [44], [54], [66], [76], [88], [100], [110], [123], [133], [145], [156], [167], [178], [190], [201], [212], [218], [227], [245], [255], [267], [278], [289], [301], [311], [323], [333], [344], [355]]
paper towel [[12], [23], [34], [55], [68], [78], [90], [101], [111], [123], [133], [145], [157], [167], [178], [190], [201], [212], [218], [227], [245], [255], [267], [278], [289], [300], [310], [322], [333], [343], [354]]
cleaner [[20], [31], [57], [70], [82], [95], [107], [119], [132], [144], [157], [170], [182], [196], [207], [223], [239], [255], [268], [279], [293], [304], [317], [330], [341], [353], [364]]
plastic bags [[5], [16], [28], [38], [48], [60], [71], [81], [93], [103], [115], [126], [136], [149], [159], [171], [181], [193], [204], [220], [229], [250], [261], [271], [283], [294], [304], [316], [327], [338], [349], [357]]
light bulbs [[10], [21], [32], [44], [54], [66], [76], [87], [100], [110], [122], [133], [144], [156], [166], [177], [189], [199], [211], [217], [225], [242], [254], [264], [276], [287], [298], [309], [320], [331], [342], [353], [362]]
box cutters [[6], [17], [29], [39], [49], [61], [72], [82], [94], [104], [116], [128], [139], [151], [162], [173], [184], [195], [206], [222], [233], [252], [263], [274], [285], [295], [306], [318], [329], [339], [350], [358]]
office chair [[7], [20], [31], [44], [54], [68], [78], [91], [102], [113], [126], [136], [149], [161], [172], [184], [197], [208], [223], [237], [254], [266], [278], [290], [301], [312], [325], [335], [347]]
pens [[9], [20], [31], [42], [52], [63], [75], [86], [97], [108], [119], [129], [141], [153], [164], [174], [186], [197], [208], [215], [236], [252], [263], [274], [285], [295], [306], [318], [329], [338], [350], [358]]
printer paper [[15], [26], [38], [47], [60], [71], [82], [94], [104], [117], [127], [139], [151], [162], [173], [185], [197], [207], [215], [236], [253], [264], [276], [287], [299], [309], [321], [332], [343], [354]]
blank badges [[11], [22], [32], [44], [54], [66], [76], [87], [100], [110], [122], [132], [143], [155], [166], [175], [188], [198], [210], [216], [223], [238], [253], [263], [275], [286], [296], [307], [318], [329], [339], [350], [358]]
scanner batt [[15], [26], [38], [47], [60], [71], [82], [94], [104], [117], [128], [140], [151], [164], [174], [186], [198], [209], [216], [223], [238], [253], [264], [276], [287], [299], [310], [322], [333], [343]]
meat trays [[8], [19], [30], [41], [51], [62], [74], [84], [95], [105], [117], [128], [140], [151], [162], [173], [184], [195], [206], [214], [221], [231], [252], [262], [273], [284], [295], [305], [317], [328], [338], [349], [357]]
produce bags [[7], [18], [29], [40], [50], [62], [73], [84], [95], [105], [117], [128], [140], [151], [163], [173], [184], [196], [207], [222], [233], [252], [263], [274], [285], [296], [307], [318], [329], [339], [351], [359]]
soap [[8], [20], [31], [42], [52], [63], [75], [86], [98], [108], [119], [130], [142], [153], [165], [175], [187], [198], [209], [216], [223], [237], [253], [264], [276], [286], [298], [308], [319], [331], [342], [352], [361]]
