toilet paper [[6], [18], [29], [39], [50], [62], [73], [83], [95], [105], [117], [128], [140], [151], [163], [173], [184], [196], [207], [222], [233], [252], [263], [274], [286], [296], [307], [319], [330], [341], [352], [360]]
paper towel [[7], [18], [29], [40], [50], [62], [73], [83], [95], [105], [117], [128], [140], [151], [163], [173], [184], [196], [207], [222], [233], [252], [263], [274], [285], [296], [307], [318], [330], [340], [351], [359]]
cleaner [[12], [23], [36], [46], [59], [71], [82], [95], [106], [119], [130], [143], [155], [167], [178], [191], [203], [213], [220], [229], [252], [263], [276], [287], [300], [311], [324], [335], [346], [356]]
plastic bags [[9], [20], [31], [42], [52], [63], [75], [85], [97], [108], [119], [129], [141], [153], [164], [174], [186], [197], [207], [215], [222], [234], [253], [263], [274], [285], [296], [307], [318], [329], [339], [350], [358]]
light bulbs [[10], [21], [32], [44], [54], [66], [76], [87], [100], [110], [122], [133], [144], [156], [166], [177], [189], [199], [211], [217], [225], [242], [254], [264], [276], [287], [298], [309], [320], [331], [342], [353], [362]]
box cutters [[6], [17], [29], [39], [49], [61], [72], [82], [94], [104], [116], [128], [139], [151], [162], [173], [184], [195], [206], [222], [233], [252], [263], [274], [285], [295], [306], [318], [329], [339], [350], [358]]
office chair [[12], [23], [36], [46], [59], [71], [82], [95], [106], [119], [130], [143], [155], [167], [178], [191], [203], [213], [220], [229], [252], [263], [276], [287], [300], [311], [324], [335], [346], [356]]
pens [[7], [19], [30], [40], [51], [62], [73], [84], [95], [105], [117], [128], [140], [151], [162], [173], [184], [195], [206], [222], [232], [253], [263], [275], [286], [296], [307], [318], [330], [340], [351], [359]]
printer paper [[9], [21], [31], [43], [53], [65], [76], [87], [100], [110], [122], [133], [145], [156], [167], [178], [190], [201], [219], [247], [258], [270], [280], [292], [303], [315], [327], [337], [349], [357]]
blank badges [[7], [19], [30], [40], [51], [62], [73], [83], [95], [105], [117], [127], [138], [150], [161], [171], [183], [195], [206], [214], [221], [230], [252], [262], [274], [285], [295], [306], [318], [328], [338], [350], [358]]
scanner batt [[8], [20], [31], [42], [53], [64], [76], [87], [99], [110], [122], [133], [144], [156], [167], [178], [190], [201], [219], [247], [258], [270], [281], [292], [303], [315], [327], [349], [357]]
meat trays [[6], [18], [29], [39], [49], [61], [72], [82], [94], [104], [116], [127], [138], [150], [160], [171], [182], [194], [205], [214], [221], [230], [252], [262], [273], [284], [295], [305], [317], [328], [338], [349], [357]]
produce bags [[10], [21], [32], [44], [54], [66], [76], [88], [100], [110], [122], [133], [144], [156], [166], [177], [189], [199], [211], [217], [225], [241], [254], [265], [277], [287], [299], [309], [320], [331], [342], [353], [362]]
soap [[7], [19], [30], [41], [52], [63], [74], [85], [96], [107], [118], [129], [141], [152], [164], [174], [186], [197], [208], [215], [236], [253], [263], [275], [286], [297], [308], [319], [330], [341], [352], [360]]
