toilet paper [[8], [20], [31], [42], [52], [63], [75], [86], [98], [108], [120], [131], [142], [153], [165], [175], [187], [198], [209], [216], [223], [237], [253], [264], [276], [286], [298], [308], [319], [331], [341], [352], [361]]
paper towel [[8], [20], [31], [42], [52], [63], [75], [85], [97], [108], [119], [129], [141], [153], [164], [174], [186], [197], [208], [215], [236], [252], [263], [274], [285], [296], [307], [318], [329], [339], [350], [358]]
cleaner [[20], [31], [57], [70], [82], [95], [107], [119], [132], [144], [157], [170], [182], [196], [207], [223], [239], [255], [268], [279], [293], [304], [317], [330], [341], [353], [364]]
plastic bags [[10], [21], [31], [43], [53], [64], [86], [98], [109], [120], [131], [142], [153], [164], [174], [186], [197], [208], [215], [236], [252], [263], [274], [285], [295], [306], [318], [329], [338], [350], [358]]
light bulbs [[10], [21], [32], [44], [54], [66], [76], [87], [100], [110], [122], [133], [144], [156], [166], [177], [189], [199], [211], [217], [225], [242], [254], [264], [276], [287], [298], [309], [320], [331], [342], [353], [362]]
box cutters [[6], [17], [29], [39], [49], [61], [72], [82], [94], [104], [116], [127], [138], [150], [161], [172], [183], [195], [206], [214], [221], [231], [252], [262], [273], [285], [295], [306], [318], [328], [338], [350], [358]]
office chair [[20], [31], [57], [70], [82], [95], [107], [119], [132], [144], [157], [170], [182], [196], [207], [223], [239], [255], [268], [279], [293], [304], [317], [330], [341], [353], [364]]
pens [[8], [20], [30], [42], [52], [63], [74], [85], [96], [106], [118], [129], [140], [151], [163], [173], [185], [196], [207], [222], [232], [253], [263], [275], [286], [296], [307], [318], [330], [340], [351], [359]]
printer paper [[9], [21], [31], [43], [53], [65], [76], [87], [100], [110], [122], [133], [145], [156], [167], [178], [190], [201], [219], [247], [258], [270], [280], [292], [303], [315], [327], [337], [349], [357]]
blank badges [[6], [18], [29], [39], [49], [61], [72], [82], [94], [104], [116], [127], [138], [150], [160], [171], [182], [195], [206], [214], [221], [230], [252], [262], [273], [285], [295], [306], [317], [328], [338], [350], [358]]
scanner batt [[8], [20], [31], [42], [53], [64], [76], [87], [99], [110], [122], [133], [144], [156], [167], [178], [190], [201], [219], [247], [258], [270], [281], [292], [303], [315], [327], [349], [357]]
meat trays [[11], [22], [32], [44], [54], [66], [76], [87], [100], [110], [121], [132], [143], [155], [166], [175], [188], [198], [209], [216], [223], [237], [253], [264], [275], [286], [297], [308], [319], [330], [340], [352], [360]]
produce bags [[8], [20], [30], [41], [52], [63], [74], [85], [96], [107], [118], [129], [141], [152], [164], [174], [185], [197], [207], [215], [222], [234], [253], [263], [275], [286], [296], [307], [319], [330], [340]]
soap [[11], [22], [33], [44], [55], [67], [77], [88], [101], [111], [123], [133], [145], [156], [167], [178], [190], [200], [212], [218], [226], [244], [255], [266], [277], [288], [300], [310], [322], [332], [343], [353], [363]]
