toilet paper [[7], [18], [29], [40], [50], [62], [73], [84], [95], [106], [118], [128], [140], [151], [163], [173], [185], [197], [207], [215], [222], [234], [253], [263], [275], [286], [297], [308], [319], [331], [341], [352], [360]]
paper towel [[13], [24], [36], [46], [57], [70], [79], [92], [102], [113], [125], [135], [148], [158], [169], [180], [191], [203], [213], [228], [247], [259], [270], [281], [293], [303], [315], [326], [337], [348], [357]]
cleaner [[20], [31], [57], [70], [82], [95], [107], [119], [132], [144], [157], [170], [182], [196], [207], [223], [239], [255], [268], [279], [293], [304], [317], [330], [341], [353], [364]]
plastic bags [[8], [20], [30], [41], [51], [63], [74], [84], [95], [106], [118], [128], [140], [151], [163], [173], [184], [196], [206], [222], [232], [253], [263], [275], [285], [296], [307], [318], [329], [339], [350], [358]]
light bulbs [[7], [19], [30], [41], [52], [63], [74], [85], [96], [107], [118], [129], [141], [152], [164], [174], [186], [197], [208], [215], [236], [253], [263], [275], [286], [297], [308], [319], [330], [341], [352], [360]]
box cutters [[12], [22], [34], [55], [68], [78], [89], [101], [111], [123], [133], [145], [156], [167], [177], [189], [200], [212], [218], [226], [244], [254], [265], [277], [287], [299], [309], [321], [332], [342], [353], [362]]
office chair [[20], [31], [57], [70], [82], [95], [107], [119], [132], [144], [157], [170], [182], [196], [207], [223], [239], [255], [268], [279], [293], [304], [317], [330], [341], [353], [364]]
pens [[12], [22], [33], [55], [68], [77], [89], [100], [110], [122], [133], [144], [155], [166], [176], [188], [199], [210], [216], [224], [239], [253], [263], [275], [286], [297], [308], [319], [330], [340], [351], [359]]
printer paper [[15], [26], [38], [47], [60], [71], [82], [94], [104], [117], [127], [139], [151], [162], [173], [185], [197], [207], [215], [236], [253], [264], [276], [287], [299], [309], [321], [332], [343], [354]]
blank badges [[6], [17], [28], [39], [49], [61], [71], [82], [94], [104], [116], [127], [137], [149], [160], [171], [182], [194], [205], [214], [221], [230], [251], [262], [273], [284], [295], [305], [317], [327], [338], [349], [357]]
scanner batt [[15], [26], [38], [47], [60], [71], [82], [94], [104], [117], [128], [140], [151], [164], [174], [186], [198], [209], [216], [223], [238], [253], [264], [276], [287], [299], [310], [322], [333], [343]]
meat trays [[9], [20], [31], [42], [52], [63], [75], [85], [97], [108], [119], [129], [141], [152], [164], [174], [186], [197], [207], [215], [222], [234], [252], [263], [274], [285], [295], [306], [318], [329], [339], [350], [358]]
produce bags [[9], [21], [31], [43], [53], [64], [86], [99], [109], [120], [131], [143], [154], [165], [175], [188], [198], [209], [216], [223], [238], [253], [263], [275], [286], [297], [308], [319], [331], [341], [352], [360]]
soap [[8], [20], [31], [42], [52], [63], [75], [86], [98], [108], [119], [130], [142], [153], [165], [175], [187], [198], [209], [216], [223], [237], [253], [264], [276], [286], [298], [308], [319], [331], [342], [352], [361]]
