toilet paper [[13], [26], [37], [48], [60], [72], [82], [95], [104], [117], [139], [151], [163], [174], [186], [198], [209], [216], [229], [238], [250], [263], [274], [286], [298], [309], [321], [332], [342], [353], [360]]
paper towel [[9], [20], [32], [44], [55], [67], [76], [88], [100], [110], [122], [132], [144], [155], [167], [178], [189], [201], [213], [218], [224], [241], [252], [264], [276], [287], [299], [310], [321], [332], [342], [353], [360]]
cleaner [[20], [33], [46], [59], [72], [83], [96], [108], [121], [133], [146], [159], [172], [185], [198], [210], [217], [223], [243], [256], [269], [282], [294], [307], [320], [332], [344], [363]]
plastic bags [[12], [23], [34], [45], [56], [68], [78], [90], [102], [111], [123], [134], [146], [157], [168], [180], [191], [202], [219], [225], [230], [242], [254], [265], [277], [288], [300], [311], [322], [333], [343], [353], [360]]
light bulbs [[9], [20], [32], [44], [55], [67], [76], [89], [100], [110], [122], [133], [145], [156], [168], [179], [190], [202], [213], [219], [224], [230], [242], [253], [265], [277], [289], [300], [311], [323], [334], [344], [354], [361]]
box cutters [[16], [27], [39], [50], [62], [74], [83], [96], [105], [117], [129], [139], [152], [163], [174], [186], [197], [209], [216], [222], [228], [237], [249], [260], [272], [284], [295], [306], [318], [329], [340], [350], [357]]
office chair [[12], [25], [38], [49], [62], [75], [87], [99], [110], [123], [135], [148], [160], [173], [186], [198], [211], [217], [223], [242], [255], [268], [280], [293], [305], [318], [341], [360]]
pens [[12], [24], [35], [46], [57], [69], [79], [90], [102], [112], [124], [135], [146], [158], [169], [180], [192], [203], [214], [219], [225], [230], [243], [254], [265], [277], [289], [300], [311], [322], [333], [344], [353], [361]]
printer paper [[11], [23], [34], [46], [57], [69], [80], [91], [103], [114], [126], [137], [149], [160], [172], [184], [195], [208], [222], [228], [236], [249], [260], [272], [284], [296], [307], [319], [331], [341], [352], [359]]
blank badges [[7], [19], [31], [42], [53], [64], [87], [98], [109], [120], [131], [143], [154], [166], [176], [188], [200], [211], [217], [223], [229], [238], [250], [262], [273], [285], [296], [307], [319], [330], [340], [350], [357]]
scanner batt [[15], [27], [39], [50], [62], [74], [85], [97], [108], [119], [131], [143], [154], [166], [178], [189], [201], [213], [219], [224], [230], [242], [254], [265], [278], [290], [301], [313], [325], [335], [346], [355], [363]]
meat trays [[11], [22], [33], [45], [55], [67], [77], [89], [101], [111], [122], [133], [145], [156], [167], [179], [190], [201], [213], [218], [224], [241], [252], [264], [276], [287], [299], [309], [321], [332], [342], [352], [360]]
produce bags [[8], [20], [32], [43], [54], [66], [76], [88], [99], [110], [121], [132], [144], [155], [167], [178], [189], [201], [213], [218], [224], [241], [252], [264], [276], [287], [299], [310], [321], [333], [343], [353], [360]]
soap [[11], [22], [34], [45], [56], [68], [78], [90], [102], [112], [124], [135], [146], [158], [170], [180], [193], [204], [214], [220], [226], [232], [244], [256], [267], [279], [291], [302], [313], [325], [335], [346], [355], [363]]
