toilet paper [[15], [27], [39], [49], [61], [73], [83], [95], [104], [117], [128], [139], [151], [162], [173], [185], [196], [208], [222], [228], [236], [248], [259], [271], [283], [294], [305], [317], [328], [339], [349], [356]]
paper towel [[9], [20], [32], [44], [55], [67], [76], [88], [100], [110], [122], [132], [144], [155], [167], [178], [189], [201], [213], [218], [224], [241], [252], [264], [276], [287], [299], [310], [321], [332], [342], [353], [360]]
cleaner [[12], [25], [38], [49], [62], [75], [87], [99], [110], [123], [135], [148], [160], [173], [186], [198], [211], [217], [223], [242], [255], [268], [280], [293], [305], [318], [341], [360]]
plastic bags [[13], [25], [36], [47], [58], [69], [80], [91], [103], [113], [125], [136], [147], [159], [170], [181], [193], [204], [214], [220], [226], [232], [243], [255], [266], [278], [290], [301], [312], [323], [334], [345], [354], [361]]
light bulbs [[9], [20], [32], [44], [55], [67], [76], [89], [100], [110], [122], [133], [145], [156], [168], [179], [190], [202], [213], [219], [224], [230], [242], [253], [265], [277], [289], [300], [311], [323], [334], [344], [354], [361]]
box cutters [[10], [21], [33], [44], [55], [67], [76], [89], [100], [110], [122], [132], [145], [156], [167], [179], [190], [202], [213], [219], [224], [230], [241], [252], [264], [276], [287], [299], [310], [321], [333], [343], [353], [360]]
office chair [[8], [20], [33], [45], [56], [68], [80], [91], [116], [128], [139], [152], [164], [175], [187], [200], [212], [218], [242], [254], [266], [278], [291], [303], [314], [327], [338], [348], [356]]
pens [[7], [19], [31], [42], [53], [64], [87], [98], [109], [120], [131], [143], [154], [166], [176], [188], [200], [211], [217], [223], [229], [239], [250], [262], [273], [285], [297], [307], [319], [331], [341], [351], [358]]
printer paper [[7], [19], [31], [42], [54], [66], [76], [88], [100], [110], [122], [133], [145], [157], [168], [180], [191], [203], [214], [220], [225], [231], [243], [255], [267], [279], [291], [302], [313], [326], [336], [347], [355], [364]]
blank badges [[6], [18], [29], [41], [52], [63], [75], [85], [97], [107], [118], [129], [140], [152], [164], [174], [186], [198], [209], [216], [222], [228], [237], [249], [260], [271], [283], [294], [305], [317], [328], [338], [349], [356]]
scanner batt [[7], [19], [31], [43], [54], [66], [76], [89], [101], [111], [123], [134], [146], [158], [170], [181], [193], [205], [221], [227], [234], [245], [258], [270], [281], [293], [305], [316], [328], [339], [349], [357]]
meat trays [[6], [18], [30], [41], [52], [63], [75], [85], [97], [107], [118], [130], [141], [152], [164], [174], [186], [198], [209], [216], [222], [228], [237], [249], [260], [271], [283], [294], [306], [317], [328], [338], [349], [356]]
produce bags [[10], [22], [33], [45], [56], [68], [78], [90], [102], [111], [124], [134], [146], [158], [169], [180], [192], [203], [214], [220], [225], [231], [243], [255], [266], [278], [290], [301], [312], [324], [335], [345], [363]]
soap [[9], [20], [32], [44], [55], [67], [76], [89], [100], [110], [122], [133], [145], [156], [168], [179], [190], [202], [213], [219], [224], [230], [242], [253], [265], [277], [289], [300], [311], [323], [334], [344], [354], [361]]
