toilet paper [[14], [25], [37], [46], [57], [69], [78], [90], [101], [111], [122], [133], [143], [155], [166], [175], [187], [198], [209], [216], [236], [246], [257], [269], [279], [291], [302], [312], [324], [334], [343], [353], [360]]
paper towel [[7], [18], [29], [40], [50], [61], [72], [82], [94], [104], [115], [126], [136], [148], [158], [170], [180], [191], [202], [213], [218], [223], [229], [239], [250], [261], [272], [284], [294], [305], [316], [327], [337], [347], [364]]
cleaner [[20], [31], [56], [69], [79], [93], [104], [117], [128], [141], [152], [165], [176], [189], [202], [213], [219], [225], [231], [244], [255], [269], [280], [293], [304], [317], [330], [341], [351], [359]]
plastic bags [[6], [16], [28], [38], [48], [60], [70], [80], [92], [102], [112], [124], [134], [144], [156], [166], [176], [188], [199], [210], [216], [222], [228], [236], [246], [257], [269], [279], [290], [301], [311], [323], [333], [343], [352], [359]]
light bulbs [[10], [21], [32], [44], [53], [64], [86], [97], [108], [118], [129], [140], [151], [162], [173], [183], [195], [206], [214], [220], [226], [231], [243], [254], [265], [276], [287], [299], [309], [319], [331], [341], [351], [357]]
box cutters [[8], [20], [30], [41], [52], [62], [73], [84], [94], [104], [116], [127], [137], [149], [159], [171], [181], [191], [203], [213], [219], [224], [240], [252], [262], [273], [285], [295], [306], [317], [328], [338], [348], [356]]
office chair [[12], [23], [36], [46], [58], [70], [81], [93], [104], [116], [128], [140], [151], [164], [174], [187], [198], [211], [217], [229], [239], [251], [263], [275], [287], [299], [310], [322], [333], [344], [354], [362]]
pens [[9], [20], [31], [42], [52], [63], [74], [84], [95], [105], [117], [127], [137], [149], [159], [171], [181], [191], [203], [213], [219], [224], [240], [252], [262], [273], [285], [295], [306], [317], [327], [338], [348], [356], [364]]
printer paper [[9], [21], [31], [43], [53], [64], [86], [97], [108], [119], [130], [141], [152], [164], [174], [185], [197], [208], [215], [221], [227], [235], [246], [257], [269], [279], [291], [302], [313], [324], [335], [345], [354], [361]]
blank badges [[6], [17], [29], [39], [49], [60], [71], [81], [92], [103], [113], [124], [134], [145], [157], [167], [177], [189], [199], [211], [217], [222], [228], [236], [247], [258], [269], [279], [291], [302], [312], [323], [333], [343], [353], [360]]
scanner batt [[7], [19], [30], [41], [51], [62], [74], [84], [95], [106], [117], [128], [139], [150], [162], [172], [183], [195], [206], [221], [233], [245], [255], [268], [278], [290], [301], [311], [323], [334], [344], [353], [360]]
meat trays [[7], [19], [30], [40], [51], [61], [72], [82], [93], [104], [115], [126], [135], [147], [158], [168], [179], [190], [201], [212], [217], [229], [238], [248], [260], [271], [282], [293], [303], [314], [325], [335], [345], [354], [361]]
produce bags [[7], [19], [30], [40], [51], [62], [73], [83], [94], [104], [116], [126], [136], [148], [159], [170], [180], [191], [202], [213], [218], [223], [229], [239], [250], [261], [272], [284], [294], [305], [316], [327], [337], [347], [364]]
soap [[8], [20], [31], [42], [52], [63], [74], [84], [95], [106], [117], [127], [138], [149], [160], [171], [182], [193], [205], [225], [230], [241], [253], [263], [275], [286], [297], [308], [318], [330], [340], [350], [357]]
