toilet paper [[14], [25], [37], [51], [60], [70], [80], [93], [103], [115], [126], [137], [149], [159], [171], [182], [194], [205], [214], [221], [230], [252], [262], [273], [285], [295], [306], [318], [329], [339], [350], [358]]
paper towel [[11], [22], [34], [47], [57], [67], [77], [88], [101], [111], [123], [133], [145], [157], [167], [178], [190], [201], [219], [246], [258], [269], [280], [292], [302], [313], [325], [335], [346], [356]]
cleaner [[20], [32], [49], [60], [71], [83], [96], [108], [121], [133], [146], [158], [171], [183], [197], [209], [216], [224], [242], [255], [268], [280], [293], [304], [318], [330], [342], [353], [364]]
plastic bags [[7], [19], [30], [40], [55], [63], [75], [86], [97], [108], [119], [129], [141], [153], [164], [174], [186], [197], [208], [215], [236], [252], [263], [274], [285], [295], [306], [318], [329], [338], [350], [358]]
light bulbs [[11], [22], [33], [46], [56], [65], [76], [87], [100], [110], [122], [132], [143], [155], [166], [176], [189], [199], [211], [217], [225], [241], [254], [265], [276], [287], [299], [309], [320], [331], [342], [353], [362]]
box cutters [[13], [24], [36], [50], [59], [69], [79], [92], [102], [112], [125], [135], [147], [158], [168], [179], [191], [202], [219], [246], [257], [269], [279], [291], [302], [311], [324], [334], [345], [355]]
office chair [[20], [32], [49], [60], [71], [83], [96], [108], [121], [133], [146], [158], [171], [183], [197], [209], [216], [224], [242], [255], [268], [280], [293], [304], [318], [330], [342], [353], [364]]
pens [[9], [21], [32], [43], [56], [65], [76], [87], [99], [109], [121], [132], [143], [154], [165], [175], [187], [198], [209], [216], [223], [237], [253], [263], [275], [286], [297], [308], [319], [330], [341], [352], [360]]
printer paper [[11], [22], [34], [47], [57], [67], [77], [89], [101], [111], [123], [134], [146], [157], [168], [179], [191], [203], [213], [228], [248], [260], [271], [283], [294], [304], [317], [327], [338], [350], [358]]
blank badges [[7], [18], [30], [39], [54], [63], [74], [84], [95], [106], [118], [128], [140], [151], [163], [173], [184], [196], [206], [222], [232], [253], [263], [275], [285], [296], [307], [318], [329], [339], [350], [358]]
scanner batt [[8], [20], [31], [42], [57], [67], [77], [89], [101], [111], [124], [134], [146], [157], [168], [179], [191], [203], [213], [228], [248], [260], [271], [283], [294], [304], [317], [327], [338], [350], [358]]
meat trays [[8], [19], [30], [41], [55], [64], [86], [98], [109], [120], [131], [142], [153], [164], [174], [186], [197], [208], [215], [236], [252], [263], [274], [285], [295], [306], [318], [329], [338], [350], [358]]
produce bags [[7], [18], [30], [40], [55], [63], [75], [86], [98], [108], [119], [130], [142], [153], [164], [174], [186], [197], [208], [215], [236], [252], [263], [274], [285], [296], [307], [318], [330], [340], [351], [359]]
soap [[11], [22], [33], [46], [56], [65], [76], [87], [100], [110], [122], [132], [143], [155], [166], [176], [189], [199], [211], [217], [225], [241], [254], [265], [276], [287], [299], [309], [320], [331], [342], [353], [362]]
wrenches [[16], [30], [42], [59], [70], [82], [95], [107], [119], [132], [144], [157], [170], [182], [196], [207], [223], [239], [255], [268], [279], [293], [304], [317], [330], [341], [353], [364]]
water bottles [[20], [31], [42], [56], [65], [76], [87], [99], [109], [120], [131], [143], [154], [165], [175], [187], [198], [209], [216], [223], [237], [253], [263], [275], [286], [296], [307], [319], [330], [340], [351], [359]]
keyboards [[12], [23], [35], [49], [59], [70], [79], [92], [103], [115], [127], [138], [150], [162], [172], [184], [196], [207], [215], [222], [234], [253], [264], [276], [287], [299], [309], [322], [332], [343], [354]]
photo paper [[6], [17], [29], [39], [54], [62], [73], [84], [95], [105], [117], [127], [138], [150], [161], [171], [183], [195], [206], [214], [221], [230], [252], [262], [273], [285], [295], [306], [318], [328], [338], [350], [358]]
plastic wrap [[12], [22], [34], [48], [57], [67], [77], [88], [101], [111], [123], [133], [145], [156], [167], [177], [189], [200], [212], [218], [226], [244], [255], [266], [277], [288], [300], [310], [321], [332], [343], [353], [363]]
