toilet paper [[11], [22], [34], [46], [56], [66], [76], [87], [100], [110], [122], [133], [144], [156], [167], [177], [190], [200], [212], [218], [226], [244], [255], [267], [278], [289], [300], [310], [323], [333], [344], [355]]
paper towel [[7], [19], [30], [40], [55], [64], [86], [99], [109], [120], [131], [143], [154], [165], [175], [188], [198], [209], [216], [223], [238], [253], [263], [275], [286], [297], [308], [319], [331], [341], [352], [360]]
cleaner [[20], [32], [49], [60], [71], [83], [96], [108], [121], [133], [146], [158], [171], [183], [197], [209], [216], [224], [242], [255], [268], [280], [293], [304], [318], [330], [342], [353], [364]]
plastic bags [[12], [23], [35], [48], [57], [67], [77], [88], [100], [110], [122], [132], [143], [155], [166], [176], [188], [199], [210], [216], [224], [238], [254], [264], [276], [286], [297], [308], [319], [331], [341], [352], [360]]
light bulbs [[11], [22], [33], [46], [56], [65], [76], [87], [100], [110], [122], [132], [143], [155], [166], [176], [189], [199], [211], [217], [225], [241], [254], [265], [276], [287], [299], [309], [320], [331], [342], [353], [362]]
box cutters [[12], [23], [35], [49], [58], [68], [78], [90], [101], [111], [123], [133], [145], [157], [167], [178], [190], [200], [212], [218], [226], [244], [255], [266], [277], [288], [300], [310], [322], [332], [343], [354], [364]]
office chair [[12], [23], [37], [52], [61], [73], [84], [96], [108], [120], [132], [144], [157], [168], [180], [192], [205], [214], [221], [231], [254], [266], [278], [290], [302], [312], [326], [336], [348], [357]]
pens [[10], [21], [32], [43], [56], [66], [76], [87], [100], [110], [121], [132], [143], [155], [166], [175], [188], [198], [210], [216], [223], [238], [253], [263], [275], [286], [297], [307], [319], [330], [340], [352], [360]]
printer paper [[9], [21], [32], [43], [57], [67], [77], [89], [101], [111], [124], [134], [146], [157], [168], [179], [191], [203], [213], [228], [248], [260], [271], [282], [294], [304], [317], [327], [338], [350], [358]]
blank badges [[6], [17], [29], [39], [54], [62], [73], [84], [95], [105], [117], [128], [139], [151], [162], [172], [183], [196], [206], [222], [232], [253], [263], [274], [285], [296], [307], [318], [329], [339], [350], [358]]
scanner batt [[12], [23], [36], [50], [59], [70], [80], [93], [103], [115], [127], [138], [150], [161], [172], [184], [196], [207], [222], [233], [253], [264], [276], [287], [299], [309], [321], [332], [343], [354]]
meat trays [[7], [19], [30], [40], [55], [63], [75], [85], [97], [108], [119], [129], [141], [153], [164], [174], [186], [197], [207], [215], [222], [234], [253], [263], [274], [285], [296], [307], [318], [329], [339], [350], [358]]
produce bags [[9], [21], [32], [43], [56], [65], [76], [87], [99], [110], [121], [132], [143], [155], [166], [176], [188], [199], [210], [216], [224], [239], [254], [264], [276], [287], [298], [308], [320], [331], [342], [352], [361]]
soap [[9], [21], [32], [43], [57], [67], [77], [88], [101], [111], [123], [133], [145], [157], [167], [178], [190], [201], [219], [246], [258], [269], [280], [292], [302], [313], [325], [335], [346], [356]]
