toilet paper [[13], [25], [37], [51], [60], [71], [81], [93], [104], [116], [128], [140], [151], [163], [173], [185], [197], [208], [215], [236], [253], [263], [276], [286], [298], [309], [320], [331], [342], [353], [363]]
paper towel [[7], [19], [30], [40], [55], [64], [86], [99], [109], [120], [131], [143], [154], [165], [175], [188], [198], [209], [216], [223], [238], [253], [263], [275], [286], [297], [308], [319], [331], [341], [352], [360]]
cleaner [[20], [32], [49], [60], [71], [83], [96], [108], [121], [133], [146], [158], [171], [183], [197], [209], [216], [224], [242], [255], [268], [280], [293], [304], [318], [330], [342], [353], [364]]
plastic bags [[14], [25], [36], [50], [59], [69], [79], [91], [102], [111], [124], [134], [146], [157], [167], [178], [190], [200], [212], [218], [226], [244], [254], [265], [277], [287], [299], [309], [320], [331], [342], [353], [361]]
light bulbs [[9], [21], [32], [43], [57], [67], [77], [88], [101], [111], [123], [133], [145], [157], [167], [178], [190], [201], [219], [246], [258], [269], [280], [292], [302], [313], [325], [335], [346], [356]]
box cutters [[10], [21], [33], [45], [56], [65], [76], [87], [99], [109], [121], [132], [143], [155], [166], [175], [188], [199], [210], [216], [224], [239], [253], [264], [276], [286], [297], [308], [319], [331], [341], [352], [361]]
office chair [[7], [20], [32], [44], [58], [68], [78], [92], [103], [115], [127], [139], [151], [163], [174], [187], [198], [210], [217], [225], [243], [254], [266], [278], [290], [301], [312], [325], [335], [347]]
pens [[12], [22], [34], [47], [56], [65], [76], [87], [99], [109], [121], [132], [143], [154], [165], [175], [188], [198], [210], [216], [223], [238], [253], [263], [275], [286], [296], [307], [319], [330], [340], [351], [359]]
printer paper [[15], [27], [38], [52], [61], [72], [83], [95], [106], [118], [129], [141], [153], [165], [175], [187], [198], [210], [216], [224], [239], [254], [266], [277], [288], [300], [310], [323], [333], [344], [355]]
blank badges [[6], [18], [29], [39], [54], [63], [74], [84], [95], [106], [118], [128], [140], [151], [162], [173], [184], [196], [206], [222], [232], [253], [263], [275], [285], [296], [307], [318], [329], [339], [350], [358]]
scanner batt [[8], [20], [31], [42], [57], [67], [77], [89], [101], [111], [124], [134], [146], [157], [168], [179], [191], [203], [213], [228], [248], [260], [271], [283], [294], [304], [317], [327], [338], [350], [358]]
meat trays [[10], [21], [32], [43], [56], [65], [76], [87], [99], [109], [121], [131], [143], [154], [165], [175], [187], [198], [208], [215], [236], [252], [263], [274], [285], [295], [306], [318], [329], [338], [350], [358]]
produce bags [[10], [21], [32], [43], [57], [67], [77], [88], [101], [110], [123], [133], [144], [156], [167], [177], [189], [200], [212], [218], [226], [244], [254], [266], [277], [287], [299], [309], [321], [332], [342], [353], [363]]
soap [[8], [20], [31], [42], [56], [65], [76], [87], [100], [110], [122], [132], [143], [155], [166], [176], [189], [199], [211], [217], [225], [241], [254], [265], [277], [287], [299], [309], [321], [332], [342], [353], [362]]
wrenches [[16], [30], [42], [59], [70], [82], [95], [107], [119], [132], [144], [157], [170], [182], [196], [207], [223], [239], [255], [268], [279], [293], [304], [317], [330], [341], [353], [364]]
water bottles [[12], [23], [34], [48], [57], [67], [77], [88], [100], [110], [122], [132], [143], [155], [166], [176], [188], [199], [210], [216], [224], [238], [254], [264], [276], [286], [298], [308], [319], [331], [341], [352], [360]]
keyboards [[12], [23], [35], [49], [59], [70], [79], [92], [103], [115], [127], [138], [150], [162], [172], [184], [196], [207], [215], [222], [234], [253], [264], [276], [287], [299], [309], [322], [332], [343], [354]]
photo paper [[13], [24], [36], [50], [59], [69], [79], [91], [102], [111], [124], [134], [146], [157], [167], [178], [190], [200], [212], [218], [226], [244], [254], [265], [277], [287], [299], [309], [320], [331], [342], [352], [361]]
plastic wrap [[12], [23], [35], [49], [58], [68], [78], [90], [101], [111], [123], [133], [145], [156], [167], [178], [190], [200], [212], [218], [226], [244], [255], [266], [277], [288], [300], [310], [321], [332], [343], [353], [363]]
