toilet paper [[14], [25], [37], [51], [60], [70], [80], [93], [103], [115], [126], [137], [149], [159], [171], [182], [194], [205], [214], [221], [230], [252], [262], [273], [285], [295], [306], [318], [329], [339], [350], [358]]
paper towel [[9], [21], [32], [43], [56], [66], [76], [87], [100], [110], [122], [133], [144], [156], [166], [177], [189], [199], [211], [217], [225], [242], [254], [264], [276], [287], [298], [309], [320], [331], [342], [353], [362]]
cleaner [[7], [20], [32], [44], [58], [68], [78], [92], [103], [115], [127], [139], [151], [163], [174], [187], [198], [210], [217], [225], [243], [254], [266], [278], [290], [301], [312], [325], [335], [347]]
plastic bags [[8], [19], [31], [41], [55], [64], [86], [98], [109], [120], [131], [142], [153], [164], [174], [186], [197], [208], [215], [236], [252], [263], [274], [285], [295], [306], [318], [329], [338], [350], [358]]
light bulbs [[9], [21], [32], [43], [57], [67], [77], [88], [101], [111], [123], [133], [145], [157], [167], [178], [190], [201], [219], [246], [258], [269], [280], [292], [302], [313], [325], [335], [346], [356]]
box cutters [[9], [21], [32], [43], [56], [65], [76], [87], [99], [109], [121], [132], [143], [155], [166], [175], [188], [198], [210], [216], [223], [238], [253], [263], [275], [286], [297], [308], [319], [330], [341], [352], [360]]
office chair [[20], [32], [49], [60], [71], [83], [96], [108], [121], [133], [146], [158], [171], [183], [197], [209], [216], [224], [242], [255], [268], [280], [293], [304], [318], [330], [342], [353], [364]]
pens [[7], [19], [30], [40], [55], [63], [75], [86], [97], [108], [119], [130], [142], [152], [164], [174], [186], [197], [207], [215], [222], [234], [253], [263], [274], [285], [296], [307], [318], [329], [339], [351], [358]]
printer paper [[7], [19], [30], [41], [55], [64], [86], [99], [109], [120], [131], [143], [154], [165], [175], [188], [198], [209], [216], [223], [238], [253], [263], [275], [286], [297], [308], [319], [330], [341], [352], [360]]
blank badges [[10], [21], [32], [43], [57], [66], [76], [87], [100], [110], [122], [132], [143], [155], [166], [175], [188], [199], [210], [216], [223], [238], [253], [263], [275], [286], [296], [307], [318], [330], [340], [351], [359]]
scanner batt [[12], [23], [36], [50], [59], [70], [80], [93], [103], [115], [127], [138], [150], [161], [172], [184], [196], [207], [222], [233], [253], [264], [276], [287], [299], [309], [321], [332], [343], [354]]
meat trays [[9], [20], [31], [42], [56], [65], [76], [87], [99], [109], [120], [131], [142], [153], [165], [175], [187], [198], [208], [215], [236], [252], [263], [274], [285], [295], [306], [318], [329], [338], [350], [358]]
produce bags [[11], [22], [34], [47], [56], [66], [76], [87], [100], [110], [122], [133], [144], [156], [166], [177], [189], [200], [212], [218], [226], [244], [254], [266], [277], [287], [299], [309], [321], [332], [343], [353], [363]]
soap [[10], [21], [32], [44], [56], [66], [76], [87], [100], [110], [122], [132], [144], [156], [166], [176], [189], [199], [211], [217], [225], [241], [254], [265], [277], [287], [299], [309], [321], [332], [342], [353], [363]]
wrenches [[10], [22], [35], [49], [59], [70], [81], [94], [105], [118], [129], [142], [154], [166], [177], [190], [202], [213], [220], [229], [251], [263], [275], [287], [299], [310], [323], [334], [345], [356]]
water bottles [[14], [25], [37], [50], [59], [70], [79], [92], [102], [112], [125], [134], [146], [157], [168], [179], [190], [201], [219], [246], [257], [269], [279], [290], [301], [311], [324], [334], [344], [355]]
keyboards [[12], [23], [35], [49], [59], [70], [79], [92], [103], [115], [127], [138], [150], [162], [172], [184], [196], [207], [215], [222], [234], [253], [264], [276], [287], [299], [309], [322], [332], [343], [354]]
photo paper [[7], [18], [30], [39], [54], [63], [74], [84], [95], [106], [118], [128], [140], [151], [163], [173], [184], [196], [206], [222], [232], [253], [263], [274], [285], [296], [307], [318], [329], [339], [350], [358]]
plastic wrap [[7], [19], [30], [40], [55], [64], [75], [86], [98], [108], [119], [130], [142], [153], [164], [174], [186], [197], [208], [215], [236], [252], [263], [274], [285], [296], [307], [318], [330], [340], [351], [359]]
