toilet paper [[8], [20], [32], [43], [54], [66], [76], [88], [100], [110], [122], [132], [145], [156], [167], [179], [190], [202], [213], [219], [224], [230], [242], [253], [265], [277], [289], [300], [311], [323], [334], [345], [354], [361]]
paper towel [[8], [20], [32], [43], [54], [66], [76], [88], [99], [110], [121], [132], [144], [155], [167], [178], [189], [201], [213], [218], [224], [241], [252], [264], [276], [287], [299], [310], [321], [333], [343], [353], [360]]
cleaner [[20], [33], [46], [59], [72], [83], [96], [108], [121], [133], [146], [159], [172], [185], [198], [210], [217], [223], [243], [256], [269], [282], [294], [307], [320], [332], [344], [363]]
plastic bags [[6], [18], [29], [40], [51], [62], [75], [84], [96], [106], [118], [129], [140], [152], [163], [174], [186], [197], [209], [216], [222], [228], [236], [248], [259], [271], [283], [294], [305], [316], [328], [338], [348], [356]]
light bulbs [[11], [23], [34], [46], [57], [68], [79], [90], [102], [112], [124], [135], [146], [159], [170], [181], [193], [204], [214], [220], [226], [232], [244], [256], [267], [279], [291], [302], [313], [325], [335], [346], [355], [363]]
box cutters [[6], [18], [29], [41], [52], [63], [75], [85], [96], [107], [118], [129], [140], [152], [164], [174], [186], [198], [209], [216], [222], [228], [237], [249], [260], [272], [284], [295], [306], [317], [328], [339], [349], [357]]
office chair [[8], [20], [33], [45], [56], [68], [80], [91], [116], [128], [139], [152], [164], [175], [187], [200], [212], [218], [242], [254], [266], [278], [291], [303], [314], [327], [338], [348], [356]]
pens [[8], [19], [31], [42], [54], [65], [87], [98], [109], [120], [131], [143], [154], [166], [176], [188], [200], [211], [217], [223], [229], [239], [250], [262], [273], [285], [297], [307], [319], [331], [341], [351], [358]]
printer paper [[8], [20], [32], [43], [54], [66], [76], [88], [99], [110], [121], [132], [144], [155], [167], [178], [189], [201], [213], [218], [224], [241], [252], [264], [276], [287], [299], [310], [321], [333], [343], [353], [360]]
blank badges [[14], [26], [38], [48], [60], [71], [82], [93], [104], [115], [126], [137], [149], [160], [171], [182], [194], [206], [215], [221], [226], [234], [245], [257], [268], [279], [291], [303], [313], [325], [335], [346], [355], [363]]
scanner batt [[9], [20], [32], [44], [55], [67], [77], [89], [102], [111], [124], [135], [146], [159], [181], [193], [205], [221], [227], [234], [245], [257], [270], [281], [293], [305], [316], [328], [338], [349], [356]]
meat trays [[8], [20], [32], [43], [54], [65], [76], [87], [98], [109], [120], [131], [143], [154], [166], [176], [188], [200], [211], [217], [223], [229], [238], [250], [262], [273], [285], [296], [307], [319], [330], [340], [350], [357]]
produce bags [[8], [20], [32], [43], [54], [66], [76], [88], [99], [110], [121], [132], [144], [155], [167], [178], [189], [201], [213], [218], [224], [241], [252], [264], [276], [287], [299], [310], [321], [333], [343], [353], [360]]
soap [[8], [20], [32], [43], [54], [66], [76], [88], [100], [110], [122], [132], [145], [156], [167], [179], [190], [202], [213], [219], [224], [230], [242], [253], [265], [277], [289], [300], [312], [323], [334], [345], [354], [361]]
