toilet paper [[6, 32, 19], [19, 10, 19], [30, 31, 19], [41, 35, 19], [53, 22, 19], [64, 34, 19], [87, 32, 19], [98, 36, 19], [109, 31, 19], [121, 24, 19], [132, 9, 19], [144, 15, 19], [155, 27, 19], [167, 12, 19], [178, 25, 19], [189, 29, 19], [201, 26, 19], [213, 9, 38], [218, 30, 38], [224, 12, 38], [241, 32, 19], [252, 36, 19], [264, 33, 19], [276, 35, 19], [288, 21, 19], [299, 36, 19], [311, 19, 19], [322, 23, 19], [333, 29, 19], [344, 22, 19], [353, 34, 38], [361, 18, 19]]
paper towel [[9, 32, 20], [20, 33, 20], [32, 37, 20], [44, 27, 20], [55, 8, 20], [67, 12, 20], [76, 29, 40], [88, 33, 20], [100, 23, 20], [110, 24, 20], [122, 24, 20], [132, 25, 20], [144, 29, 20], [155, 39, 20], [167, 20, 20], [178, 32, 20], [189, 33, 20], [201, 27, 20], [213, 7, 40], [218, 28, 40], [224, 8, 40], [241, 32, 20], [252, 33, 20], [264, 27, 20], [276, 27, 20], [287, 28, 20], [299, 22, 20], [310, 22, 20], [321, 23, 20], [332, 35, 20], [342, 36, 20], [353, 8, 40], [360, 17, 40]]
cleaner [[12, 4, 3], [25, 4, 3], [38, 4, 3], [49, 5, 3], [62, 4, 3], [75, 4, 3], [87, 3, 3], [99, 5, 3], [110, 5, 3], [123, 5, 3], [135, 5, 3], [148, 4, 3], [160, 5, 3], [173, 2, 3], [186, 2, 3], [198, 5, 3], [211, 4, 3], [217, 5, 6], [223, 4, 6], [242, 4, 3], [255, 4, 3], [268, 3, 3], [280, 4, 3], [293, 3, 3], [305, 4, 3], [318, 4, 3], [341, 5, 3], [360, 3, 6]]
plastic bags [[17, 145, 105], [28, 147, 105], [40, 108, 105], [50, 205, 105], [62, 102, 105], [74, 115, 105], [83, 201, 105], [96, 57, 105], [105, 195, 105], [117, 156, 105], [129, 43, 210], [139, 150, 105], [151, 163, 105], [162, 208, 105], [173, 168, 105], [185, 160, 105], [196, 162, 105], [208, 123, 105], [222, 23, 210], [228, 25, 210], [236, 121, 105], [248, 113, 105], [259, 115, 105], [271, 76, 105], [282, 173, 105], [293, 175, 105], [305, 83, 105], [316, 128, 105], [327, 193, 105], [338, 80, 210], [348, 145, 105], [356, 20, 210]]
light bulbs [[10, 19, 17], [21, 23, 17], [33, 21, 17], [45, 6, 34], [55, 27, 17], [67, 33, 17], [77, 33, 17], [89, 31, 17], [101, 33, 17], [111, 27, 17], [123, 33, 17], [134, 27, 17], [146, 14, 17], [158, 20, 17], [169, 31, 17], [180, 28, 17], [192, 30, 17], [204, 18, 17], [214, 16, 34], [220, 14, 34], [225, 33, 34], [232, 18, 17], [243, 32, 17], [256, 11, 17], [267, 22, 17], [279, 9, 17], [291, 15, 17], [302, 26, 17], [313, 23, 17], [325, 25, 17], [335, 29, 17], [346, 24, 17], [355, 12, 34], [363, 20, 17]]
box cutters [[15, 36, 23], [27, 17, 23], [39, 23, 23], [49, 36, 23], [61, 31, 23], [73, 33, 23], [83, 23, 23], [95, 29, 23], [105, 28, 23], [117, 23, 23], [129, 2, 46], [139, 29, 23], [151, 35, 23], [163, 26, 23], [173, 43, 23], [185, 45, 23], [197, 27, 23], [208, 44, 23], [216, 10, 46], [222, 16, 46], [228, 18, 46], [236, 41, 23], [248, 43, 23], [260, 25, 23], [271, 42, 23], [283, 44, 23], [295, 26, 23], [306, 20, 23], [317, 45, 23], [329, 26, 23], [339, 41, 23], [349, 45, 23], [357, 10, 46]]
office chair [[12, 4, 3], [25, 4, 3], [38, 4, 3], [49, 5, 3], [62, 4, 3], [75, 4, 3], [87, 3, 3], [99, 5, 3], [110, 5, 3], [123, 5, 3], [135, 5, 3], [148, 4, 3], [160, 5, 3], [173, 2, 3], [186, 2, 3], [198, 5, 3], [211, 4, 3], [217, 5, 6], [223, 4, 6], [242, 4, 3], [255, 4, 3], [268, 3, 3], [280, 4, 3], [293, 3, 3], [305, 4, 3], [318, 4, 3], [341, 5, 3], [360, 3, 6]]
pens [[7, 121, 72], [19, 96, 72], [31, 92, 72], [42, 95, 72], [53, 106, 72], [64, 138, 72], [87, 111, 72], [98, 114, 72], [109, 82, 72], [120, 114, 72], [131, 88, 72], [143, 84, 72], [154, 87, 72], [166, 62, 72], [176, 130, 72], [188, 61, 72], [200, 72, 72], [211, 104, 72], [217, 105, 144], [223, 35, 144], [229, 51, 144], [239, 76, 72], [250, 122, 72], [262, 118, 72], [273, 121, 72], [285, 96, 72], [297, 92, 72], [307, 95, 72], [319, 106, 72], [330, 138, 72], [341, 40, 72], [351, 108, 72], [357, 138, 144]]
printer paper [[11, 10, 8], [23, 9, 8], [34, 12, 8], [46, 8, 8], [57, 15, 8], [69, 10, 8], [80, 12, 8], [91, 15, 8], [103, 15, 8], [114, 13, 8], [126, 8, 8], [137, 12, 8], [149, 11, 8], [160, 14, 8], [172, 10, 8], [184, 9, 8], [195, 12, 8], [208, 4, 8], [222, 3, 16], [228, 5, 16], [236, 14, 8], [249, 6, 8], [260, 13, 8], [272, 8, 8], [284, 12, 8], [296, 11, 8], [307, 6, 8], [319, 10, 8], [331, 1, 16], [341, 8, 8], [352, 3, 16], [359, 8, 8]]
blank badges [[10, 241, 138], [21, 244, 138], [33, 192, 138], [45, 44, 276], [55, 185, 138], [67, 202, 138], [77, 177, 138], [89, 125, 138], [100, 253, 138], [110, 255, 138], [122, 245, 138], [132, 248, 138], [144, 265, 138], [156, 186, 138], [167, 189, 138], [178, 261, 138], [189, 264, 138], [201, 212, 138], [213, 64, 276], [218, 205, 276], [224, 68, 276], [241, 210, 138], [252, 213, 138], [264, 161, 138], [276, 151, 138], [287, 154, 138], [299, 102, 138], [309, 230, 138], [321, 95, 138], [332, 167, 138], [342, 170, 138], [352, 242, 276], [360, 23, 276]]
scanner batt [[15, 9, 5], [27, 6, 5], [39, 9, 5], [50, 9, 5], [62, 6, 5], [74, 9, 5], [85, 6, 5], [97, 3, 5], [108, 5, 5], [119, 7, 5], [131, 3, 5], [143, 5, 5], [154, 7, 5], [166, 8, 5], [178, 5, 5], [189, 7, 5], [201, 8, 5], [213, 5, 10], [219, 1, 10], [224, 6, 10], [230, 2, 10], [242, 5, 5], [254, 5, 5], [265, 7, 5], [278, 3, 5], [290, 5, 5], [301, 7, 5], [313, 3, 5], [325, 5, 5], [335, 7, 5], [346, 7, 5], [355, 4, 10], [363, 7, 5]]
meat trays [[11, 631, 334], [23, 436, 334], [34, 440, 334], [45, 612, 668], [56, 616, 334], [68, 488, 334], [78, 594, 334], [90, 264, 334], [102, 303, 334], [111, 574, 334], [123, 613, 334], [134, 418, 334], [145, 622, 334], [157, 594, 334], [168, 598, 334], [179, 637, 334], [191, 442, 334], [202, 446, 334], [213, 618, 668], [219, 289, 668], [224, 624, 668], [230, 295, 668], [242, 334, 334], [253, 473, 334], [265, 143, 334], [276, 649, 334], [287, 653, 334], [299, 525, 334], [310, 497, 334], [321, 501, 334], [333, 206, 334], [343, 343, 334], [353, 181, 668], [360, 318, 668]]
produce bags [[9, 28, 26], [20, 31, 26], [32, 37, 26], [43, 51, 26], [54, 43, 26], [66, 44, 26], [76, 31, 52], [88, 37, 26], [99, 51, 26], [110, 27, 26], [122, 28, 26], [132, 31, 26], [144, 37, 26], [155, 51, 26], [167, 28, 26], [178, 44, 26], [189, 47, 26], [201, 40, 26], [213, 15, 52], [218, 43, 52], [224, 18, 52], [241, 42, 26], [252, 45, 26], [264, 38, 26], [276, 39, 26], [287, 42, 26], [299, 35, 26], [310, 36, 26], [321, 39, 26], [333, 19, 26], [343, 32, 26], [353, 22, 52], [360, 34, 52]]
soap [[9, 23, 18], [20, 26, 18], [32, 31, 18], [44, 24, 18], [55, 9, 18], [67, 14, 18], [76, 31, 36], [89, 9, 18], [100, 29, 18], [110, 31, 18], [122, 33, 18], [133, 18, 18], [145, 14, 18], [156, 34, 18], [168, 19, 18], [179, 24, 18], [190, 35, 18], [202, 20, 18], [213, 32, 36], [219, 16, 36], [224, 35, 36], [230, 19, 36], [242, 24, 18], [253, 35, 18], [265, 20, 18], [277, 25, 18], [289, 18, 18], [300, 21, 18], [311, 33, 18], [323, 19, 18], [334, 14, 18], [344, 34, 18], [354, 20, 18], [361, 29, 18]]
