toilet paper [[15], [27], [39], [49], [61], [73], [83], [95], [104], [117], [128], [139], [151], [162], [173], [185], [196], [208], [222], [228], [236], [248], [259], [271], [283], [294], [305], [317], [328], [339], [349], [356]]
paper towel [[7], [19], [31], [42], [54], [65], [76], [87], [99], [109], [121], [132], [144], [155], [167], [178], [189], [201], [213], [218], [224], [241], [252], [264], [276], [287], [299], [310], [321], [333], [343], [353], [360]]
cleaner [[12], [25], [38], [49], [62], [75], [87], [99], [110], [123], [135], [148], [160], [173], [186], [198], [211], [217], [223], [242], [255], [268], [280], [293], [305], [318], [341], [360]]
plastic bags [[13], [25], [36], [47], [58], [69], [80], [91], [103], [113], [125], [136], [147], [159], [170], [181], [193], [204], [214], [220], [225], [231], [243], [255], [266], [278], [290], [301], [312], [323], [334], [345], [354], [361]]
light bulbs [[8], [20], [32], [43], [54], [66], [76], [88], [100], [110], [122], [132], [145], [156], [167], [179], [190], [202], [213], [219], [224], [230], [242], [253], [265], [277], [289], [300], [312], [323], [334], [345], [354], [361]]
box cutters [[13], [25], [36], [47], [59], [70], [81], [92], [115], [126], [137], [149], [160], [172], [183], [195], [207], [215], [221], [227], [234], [246], [257], [269], [280], [292], [304], [314], [327], [337], [347]]
office chair [[12], [25], [38], [49], [62], [75], [87], [99], [110], [123], [135], [148], [160], [173], [186], [198], [211], [217], [223], [242], [255], [268], [280], [293], [305], [318], [341], [360]]
pens [[12], [23], [34], [46], [57], [69], [79], [90], [102], [112], [124], [135], [146], [158], [170], [180], [192], [203], [214], [220], [225], [231], [243], [255], [266], [278], [289], [301], [312], [323], [334], [345], [354], [361]]
printer paper [[11], [23], [34], [46], [57], [69], [80], [91], [103], [114], [126], [137], [149], [160], [172], [184], [195], [208], [222], [228], [236], [249], [260], [272], [284], [296], [307], [319], [331], [341], [352], [359]]
blank badges [[11], [22], [33], [45], [55], [67], [77], [89], [101], [111], [123], [133], [145], [156], [167], [179], [190], [202], [213], [218], [224], [241], [252], [264], [276], [287], [299], [309], [321], [332], [342], [352], [360]]
scanner batt [[12], [25], [36], [47], [60], [72], [82], [94], [104], [117], [129], [139], [152], [164], [175], [187], [199], [211], [217], [223], [229], [240], [251], [264], [276], [287], [300], [311], [323], [334], [345], [363]]
meat trays [[7], [19], [30], [41], [53], [64], [75], [86], [97], [108], [119], [130], [141], [153], [165], [175], [187], [198], [209], [216], [229], [238], [250], [262], [273], [285], [296], [307], [319], [330], [340], [350], [357]]
produce bags [[11], [23], [34], [46], [57], [69], [79], [91], [103], [113], [125], [136], [147], [159], [171], [181], [193], [205], [221], [226], [234], [245], [257], [269], [280], [292], [304], [314], [326], [337], [347]]
soap [[8], [20], [32], [43], [54], [66], [76], [88], [100], [110], [122], [132], [145], [156], [167], [179], [190], [202], [213], [219], [224], [230], [242], [253], [265], [277], [289], [300], [312], [323], [334], [345], [354], [361]]
