toilet paper [[9, 25, 15], [20, 27, 15], [33, 9, 15], [44, 25, 15], [55, 12, 15], [67, 16, 15], [77, 15, 15], [89, 12, 15], [100, 28, 15], [111, 6, 15], [123, 10, 15], [133, 18, 15], [145, 15, 15], [157, 16, 15], [168, 18, 15], [179, 22, 15], [191, 16, 15], [202, 18, 15], [213, 28, 30], [219, 14, 30], [224, 29, 30], [230, 15, 30], [242, 19, 15], [253, 28, 15], [265, 15, 15], [277, 19, 15], [288, 28, 15], [300, 15, 15], [311, 25, 15], [322, 27, 15], [334, 9, 15], [344, 25, 15], [354, 13, 15], [361, 20, 15]]
paper towel [[9, 21, 21], [20, 25, 21], [32, 31, 21], [44, 23, 21], [54, 39, 21], [66, 41, 21], [76, 32, 42], [88, 38, 21], [100, 30, 21], [110, 33, 21], [122, 35, 21], [132, 39, 21], [145, 14, 21], [156, 37, 21], [167, 41, 21], [179, 26, 21], [190, 39, 21], [202, 22, 21], [213, 36, 42], [219, 17, 42], [224, 39, 42], [230, 20, 42], [242, 26, 21], [253, 39, 21], [265, 22, 21], [277, 28, 21], [288, 41, 21], [300, 24, 21], [311, 38, 21], [323, 22, 21], [334, 17, 21], [344, 40, 21], [354, 24, 21], [361, 34, 21]]
cleaner [[20, 2, 2], [33, 3, 2], [46, 2, 2], [59, 2, 2], [72, 2, 2], [83, 2, 2], [96, 3, 2], [108, 3, 2], [121, 3, 2], [133, 2, 2], [146, 2, 2], [159, 3, 2], [172, 2, 2], [185, 2, 2], [198, 2, 2], [210, 3, 2], [217, 3, 4], [223, 3, 4], [243, 1, 2], [256, 2, 2], [269, 2, 2], [282, 2, 2], [294, 3, 2], [307, 1, 2], [320, 2, 2], [332, 3, 2], [344, 3, 2], [363, 3, 2]]
plastic bags [[6, 374, 219], [18, 402, 219], [30, 277, 219], [41, 282, 219], [52, 397, 219], [63, 402, 219], [75, 321, 219], [85, 393, 219], [97, 179, 219], [107, 382, 219], [118, 387, 219], [130, 196, 219], [141, 290, 219], [152, 426, 219], [164, 410, 219], [174, 415, 219], [187, 115, 219], [198, 318, 219], [209, 323, 219], [216, 326, 438], [222, 373, 438], [228, 377, 438], [237, 228, 219], [249, 256, 219], [260, 350, 219], [272, 136, 219], [284, 164, 219], [295, 258, 219], [306, 175, 219], [317, 378, 219], [328, 383, 219], [339, 279, 219], [349, 284, 219], [356, 375, 438]]
light bulbs [[9, 23, 18], [20, 26, 18], [32, 31, 18], [44, 24, 18], [55, 9, 18], [67, 14, 18], [76, 31, 36], [89, 9, 18], [100, 29, 18], [110, 31, 18], [122, 33, 18], [133, 18, 18], [145, 14, 18], [156, 34, 18], [168, 19, 18], [179, 24, 18], [190, 35, 18], [202, 20, 18], [213, 32, 36], [219, 16, 36], [224, 35, 36], [230, 19, 36], [242, 24, 18], [253, 35, 18], [265, 20, 18], [277, 25, 18], [289, 18, 18], [300, 21, 18], [311, 33, 18], [323, 19, 18], [334, 14, 18], [344, 34, 18], [354, 20, 18], [361, 29, 18]]
box cutters [[11, 45, 30], [22, 59, 30], [34, 30, 30], [45, 47, 60], [56, 48, 30], [68, 38, 30], [78, 49, 30], [90, 20, 30], [102, 25, 30], [111, 50, 30], [123, 55, 30], [134, 39, 30], [145, 58, 30], [157, 57, 30], [168, 58, 30], [180, 18, 30], [191, 47, 30], [202, 48, 30], [219, 55, 60], [225, 26, 60], [230, 56, 60], [243, 16, 30], [254, 45, 30], [265, 46, 30], [277, 51, 30], [289, 35, 30], [300, 36, 30], [311, 53, 30], [322, 54, 30], [333, 59, 30], [344, 43, 30], [353, 59, 60], [361, 30, 30]]
office chair [[12, 4, 3], [25, 4, 3], [38, 4, 3], [49, 5, 3], [62, 4, 3], [75, 4, 3], [87, 3, 3], [99, 5, 3], [110, 5, 3], [123, 5, 3], [135, 5, 3], [148, 4, 3], [160, 5, 3], [173, 2, 3], [186, 2, 3], [198, 5, 3], [211, 4, 3], [217, 5, 6], [223, 4, 6], [242, 4, 3], [255, 4, 3], [268, 3, 3], [280, 4, 3], [293, 3, 3], [305, 4, 3], [318, 4, 3], [341, 5, 3], [360, 3, 6]]
pens [[8, 96, 68], [20, 31, 68], [32, 41, 68], [43, 72, 68], [54, 47, 68], [65, 112, 68], [76, 6, 136], [87, 111, 68], [98, 114, 68], [109, 83, 68], [120, 114, 68], [131, 89, 68], [143, 86, 68], [154, 89, 68], [166, 65, 68], [176, 130, 68], [188, 65, 68], [200, 75, 68], [211, 106, 68], [217, 107, 136], [223, 41, 136], [229, 56, 136], [239, 80, 68], [250, 123, 68], [262, 120, 68], [273, 123, 68], [285, 99, 68], [297, 96, 68], [307, 99, 68], [319, 109, 68], [331, 4, 136], [341, 47, 68], [351, 112, 68], [358, 73, 68]]
printer paper [[15, 11, 6], [27, 8, 6], [40, 3, 6], [51, 6, 6], [62, 9, 6], [75, 4, 6], [85, 9, 6], [97, 6, 6], [108, 8, 6], [119, 11, 6], [131, 6, 6], [143, 9, 6], [155, 7, 6], [167, 4, 6], [178, 10, 6], [190, 8, 6], [202, 5, 6], [213, 11, 12], [219, 7, 12], [225, 3, 12], [230, 10, 12], [243, 5, 6], [255, 8, 6], [266, 11, 6], [279, 3, 6], [291, 7, 6], [303, 7, 6], [314, 4, 6], [326, 8, 6], [337, 8, 6], [347, 11, 6]]
blank badges [[7, 255, 176], [19, 188, 176], [30, 350, 176], [42, 177, 176], [53, 198, 176], [64, 272, 176], [87, 267, 176], [98, 270, 176], [109, 185, 176], [120, 259, 176], [131, 191, 176], [143, 177, 176], [154, 180, 176], [166, 113, 176], [176, 275, 176], [188, 102, 176], [200, 123, 176], [211, 197, 176], [217, 198, 352], [223, 25, 352], [229, 63, 352], [238, 294, 176], [250, 227, 176], [262, 213, 176], [273, 216, 176], [285, 149, 176], [296, 311, 176], [307, 138, 176], [319, 159, 176], [330, 233, 176], [340, 253, 176], [350, 326, 176], [357, 222, 352]]
scanner batt [[11, 5, 7], [22, 12, 7], [34, 9, 7], [46, 7, 7], [58, 7, 7], [69, 11, 7], [81, 5, 7], [92, 12, 7], [116, 5, 7], [127, 12, 7], [138, 13, 7], [151, 7, 7], [163, 7, 7], [174, 4, 7], [186, 9, 7], [198, 9, 7], [209, 13, 7], [217, 1, 14], [229, 3, 14], [239, 9, 7], [251, 6, 7], [263, 11, 7], [275, 11, 7], [287, 8, 7], [299, 10, 7], [310, 13, 7], [322, 10, 7], [334, 5, 7], [345, 1, 14], [354, 12, 7], [362, 7, 7]]
meat trays [[9, 645, 397], [20, 650, 397], [32, 696, 397], [44, 464, 397], [54, 707, 397], [66, 673, 397], [76, 440, 794], [88, 486, 397], [99, 651, 397], [110, 259, 397], [121, 622, 397], [132, 230, 397], [144, 276, 397], [155, 441, 397], [166, 684, 397], [177, 650, 397], [188, 655, 397], [200, 701, 397], [212, 469, 397], [218, 77, 794], [223, 475, 794], [229, 559, 794], [239, 684, 397], [251, 292, 397], [263, 338, 397], [274, 503, 397], [285, 746, 397], [297, 712, 397], [307, 717, 397], [319, 763, 397], [331, 134, 794], [341, 377, 397], [351, 740, 397], [358, 505, 397]]
produce bags [[11, 26, 22], [22, 38, 22], [34, 19, 22], [45, 33, 44], [56, 36, 22], [68, 31, 22], [78, 41, 22], [90, 22, 22], [102, 28, 22], [112, 26, 22], [124, 21, 22], [135, 22, 22], [146, 25, 22], [158, 31, 22], [169, 43, 22], [180, 37, 22], [192, 38, 22], [203, 41, 22], [214, 16, 44], [220, 13, 44], [225, 37, 44], [231, 38, 22], [243, 33, 22], [255, 34, 22], [266, 37, 22], [278, 32, 22], [290, 33, 22], [301, 36, 22], [312, 42, 22], [324, 32, 22], [335, 13, 22], [345, 27, 44], [363, 9, 22]]
soap [[9, 23, 18], [20, 26, 18], [32, 31, 18], [44, 24, 18], [55, 9, 18], [67, 14, 18], [76, 31, 36], [89, 9, 18], [100, 29, 18], [110, 31, 18], [122, 33, 18], [133, 18, 18], [145, 14, 18], [156, 34, 18], [168, 19, 18], [179, 24, 18], [190, 35, 18], [202, 20, 18], [213, 32, 36], [219, 16, 36], [224, 35, 36], [230, 19, 36], [242, 24, 18], [253, 35, 18], [265, 20, 18], [277, 25, 18], [289, 18, 18], [300, 21, 18], [311, 33, 18], [323, 19, 18], [334, 14, 18], [344, 34, 18], [354, 20, 18], [361, 29, 18]]
