toilet paper [[10], [21], [32], [44], [54], [66], [76], [88], [100], [110], [123], [133], [145], [156], [167], [178], [190], [201], [212], [218], [227], [245], [255], [267], [278], [289], [301], [311], [323], [333], [344], [355]]
paper towel [[7], [19], [30], [41], [51], [63], [74], [84], [95], [106], [118], [129], [140], [152], [164], [174], [185], [197], [207], [215], [222], [234], [253], [263], [275], [286], [297], [308], [319], [330], [341], [352], [360]]
cleaner [[7], [20], [31], [44], [54], [68], [78], [91], [102], [113], [126], [136], [149], [161], [172], [184], [197], [208], [223], [237], [254], [266], [278], [290], [301], [312], [325], [335], [347]]
plastic bags [[7], [18], [29], [39], [50], [62], [72], [83], [94], [104], [116], [127], [138], [150], [161], [172], [183], [195], [206], [214], [221], [230], [252], [263], [274], [285], [295], [306], [318], [328], [338], [350], [358]]
light bulbs [[11], [22], [33], [44], [55], [67], [77], [88], [101], [111], [123], [133], [145], [157], [167], [178], [190], [201], [212], [218], [244], [255], [267], [278], [288], [300], [310], [322], [333], [343], [354]]
box cutters [[9], [21], [31], [43], [53], [64], [86], [99], [109], [120], [131], [142], [154], [165], [175], [187], [198], [209], [216], [223], [237], [253], [263], [275], [286], [297], [308], [319], [330], [341], [352], [360]]
office chair [[12], [23], [36], [46], [59], [71], [82], [95], [106], [119], [130], [143], [155], [167], [178], [191], [203], [213], [220], [229], [252], [263], [276], [287], [300], [311], [324], [335], [346], [356]]
pens [[8], [19], [30], [41], [51], [63], [74], [84], [95], [106], [118], [128], [140], [151], [163], [173], [184], [196], [206], [222], [232], [253], [263], [275], [286], [296], [307], [318], [329], [339], [351], [359]]
printer paper [[15], [26], [38], [47], [60], [71], [82], [94], [104], [117], [127], [139], [151], [162], [173], [185], [197], [207], [215], [236], [253], [264], [276], [287], [299], [309], [321], [332], [343], [354]]
blank badges [[7], [19], [29], [40], [50], [62], [73], [83], [95], [105], [117], [127], [138], [150], [160], [171], [183], [195], [206], [214], [221], [230], [252], [262], [273], [285], [295], [306], [318], [328], [338], [350], [358]]
scanner batt [[7], [19], [30], [41], [51], [63], [75], [86], [98], [108], [120], [131], [143], [154], [166], [176], [189], [199], [211], [217], [225], [242], [254], [265], [277], [288], [300], [310], [322], [333], [343], [355]]
meat trays [[6], [17], [29], [39], [49], [61], [72], [82], [94], [104], [116], [127], [138], [150], [160], [171], [182], [194], [205], [214], [221], [230], [251], [262], [273], [284], [295], [305], [317], [328], [338], [349], [357]]
produce bags [[10], [21], [31], [43], [53], [65], [76], [87], [99], [109], [121], [131], [143], [154], [165], [175], [188], [198], [210], [216], [223], [238], [253], [263], [275], [286], [297], [308], [319], [331], [341], [352], [360]]
soap [[11], [22], [33], [44], [55], [67], [77], [88], [101], [111], [123], [133], [145], [157], [167], [178], [190], [201], [212], [218], [244], [255], [267], [278], [288], [300], [310], [322], [333], [343], [354]]
