toilet paper [[9], [20], [33], [44], [55], [67], [77], [89], [100], [111], [123], [133], [145], [157], [168], [179], [191], [202], [213], [219], [224], [230], [242], [253], [265], [277], [288], [300], [311], [322], [334], [344], [354], [361]]
paper towel [[10], [21], [33], [45], [55], [68], [78], [89], [102], [111], [124], [134], [146], [158], [169], [180], [192], [203], [214], [220], [225], [231], [243], [255], [267], [278], [290], [302], [313], [325], [335], [346], [355], [363]]
cleaner [[8], [20], [33], [45], [56], [68], [80], [91], [116], [128], [139], [152], [164], [175], [187], [200], [212], [218], [242], [254], [266], [278], [291], [303], [314], [327], [338], [348], [356]]
plastic bags [[6], [18], [29], [41], [52], [63], [75], [85], [96], [107], [118], [129], [140], [152], [164], [174], [186], [197], [209], [216], [222], [228], [236], [248], [259], [271], [283], [294], [305], [316], [328], [338], [349], [356]]
light bulbs [[10], [21], [33], [45], [55], [67], [77], [89], [101], [111], [123], [134], [146], [158], [169], [180], [192], [204], [214], [220], [225], [232], [243], [256], [267], [279], [291], [302], [313], [325], [335], [346], [355], [363]]
box cutters [[13], [25], [36], [47], [59], [70], [81], [92], [115], [126], [137], [149], [160], [172], [183], [195], [207], [215], [221], [227], [234], [246], [257], [269], [280], [292], [304], [314], [327], [337], [347]]
office chair [[20], [33], [46], [59], [72], [83], [96], [108], [121], [133], [146], [159], [172], [185], [198], [210], [217], [223], [243], [256], [269], [282], [294], [307], [320], [332], [344], [363]]
pens [[9], [20], [32], [44], [54], [66], [76], [88], [99], [110], [121], [132], [144], [155], [167], [178], [189], [201], [212], [218], [223], [241], [252], [264], [276], [287], [299], [309], [321], [332], [342], [353], [360]]
printer paper [[13], [25], [37], [48], [60], [72], [83], [95], [105], [118], [129], [141], [153], [165], [176], [188], [200], [212], [218], [224], [242], [253], [265], [278], [290], [301], [313], [325], [335], [346], [355], [364]]
blank badges [[8], [20], [32], [43], [54], [65], [76], [87], [98], [109], [120], [131], [143], [154], [166], [176], [188], [200], [211], [217], [223], [229], [238], [250], [262], [273], [285], [296], [307], [319], [330], [340], [350], [357]]
scanner batt [[11], [22], [34], [46], [58], [69], [81], [92], [116], [127], [138], [151], [163], [174], [186], [198], [209], [217], [229], [239], [251], [263], [275], [287], [299], [310], [322], [334], [345], [354], [362]]
meat trays [[9], [20], [32], [44], [55], [66], [76], [88], [99], [110], [121], [132], [144], [155], [166], [177], [188], [200], [212], [218], [223], [229], [239], [251], [263], [274], [285], [297], [307], [320], [331], [341], [351], [358]]
produce bags [[10], [22], [33], [45], [56], [68], [78], [90], [102], [111], [124], [134], [146], [158], [169], [180], [192], [203], [214], [220], [225], [231], [243], [255], [266], [278], [290], [301], [312], [324], [335], [345], [363]]
soap [[10], [21], [33], [45], [55], [67], [77], [89], [101], [111], [123], [134], [146], [158], [169], [180], [192], [204], [214], [220], [225], [232], [243], [256], [267], [279], [291], [302], [313], [325], [335], [346], [355], [363]]
