toilet paper [[8], [20], [30], [41], [52], [63], [75], [85], [97], [108], [119], [130], [142], [153], [164], [174], [186], [197], [208], [215], [236], [253], [263], [275], [286], [296], [307], [319], [330], [341], [352], [360]]
paper towel [[7], [19], [30], [40], [51], [62], [73], [84], [95], [106], [118], [128], [140], [151], [163], [173], [185], [196], [207], [215], [222], [234], [252], [263], [274], [285], [296], [307], [318], [330], [340], [351], [359]]
cleaner [[12], [23], [36], [46], [59], [71], [82], [95], [106], [119], [130], [143], [155], [167], [178], [191], [203], [213], [220], [229], [252], [263], [276], [287], [300], [311], [324], [335], [346], [356]]
plastic bags [[11], [21], [32], [44], [54], [66], [76], [87], [100], [110], [121], [132], [143], [154], [165], [175], [188], [198], [209], [216], [223], [237], [253], [263], [275], [286], [297], [308], [319], [330], [340], [351], [359]]
light bulbs [[10], [21], [32], [44], [54], [66], [76], [87], [100], [110], [122], [133], [144], [156], [166], [177], [189], [199], [211], [217], [225], [242], [254], [264], [276], [287], [298], [309], [320], [331], [342], [353], [362]]
box cutters [[13], [24], [36], [45], [57], [69], [79], [91], [102], [112], [124], [134], [146], [157], [168], [179], [190], [202], [219], [246], [257], [269], [279], [291], [302], [311], [324], [334], [345], [355]]
office chair [[7], [20], [31], [44], [54], [68], [78], [91], [102], [113], [126], [136], [149], [161], [172], [184], [197], [208], [223], [237], [254], [266], [278], [290], [301], [312], [325], [335], [347]]
pens [[11], [22], [32], [44], [54], [66], [76], [87], [100], [110], [122], [132], [143], [155], [166], [176], [188], [199], [210], [216], [224], [239], [253], [264], [275], [286], [297], [308], [319], [330], [341], [352], [360]]
printer paper [[7], [18], [30], [40], [51], [63], [74], [85], [96], [107], [119], [130], [142], [153], [165], [175], [187], [198], [210], [216], [223], [238], [253], [264], [276], [287], [299], [309], [321], [332], [343], [353], [364]]
blank badges [[9], [21], [31], [43], [52], [63], [75], [86], [97], [108], [119], [130], [141], [153], [164], [174], [186], [197], [208], [215], [236], [252], [263], [274], [285], [295], [306], [318], [329], [338], [350], [358]]
scanner batt [[8], [20], [31], [42], [53], [64], [76], [87], [99], [110], [122], [133], [144], [156], [167], [178], [190], [201], [219], [247], [258], [270], [281], [292], [303], [315], [327], [349], [357]]
meat trays [[6], [17], [29], [39], [49], [61], [72], [82], [94], [104], [116], [127], [138], [150], [160], [171], [182], [194], [205], [214], [221], [230], [251], [262], [273], [284], [295], [305], [317], [328], [338], [349], [357]]
produce bags [[9], [21], [31], [43], [53], [64], [86], [99], [109], [120], [131], [143], [154], [165], [175], [188], [198], [209], [216], [223], [238], [253], [263], [275], [286], [297], [308], [319], [331], [341], [352], [360]]
soap [[11], [22], [33], [44], [55], [67], [77], [88], [101], [111], [123], [133], [145], [156], [167], [178], [190], [200], [212], [218], [226], [244], [255], [266], [277], [288], [300], [310], [322], [332], [343], [353], [363]]
