toilet paper [[7], [19], [30], [41], [55], [65], [76], [87], [99], [109], [121], [132], [143], [155], [166], [176], [189], [199], [211], [217], [225], [242], [254], [265], [276], [287], [299], [309], [321], [332], [342], [353], [363]]
paper towel [[7], [18], [30], [40], [55], [63], [75], [86], [97], [108], [119], [130], [142], [153], [164], [174], [186], [197], [208], [215], [236], [252], [263], [275], [286], [296], [307], [319], [330], [341], [352], [360]]
cleaner [[7], [20], [32], [44], [58], [68], [78], [92], [103], [115], [127], [139], [151], [163], [174], [187], [198], [210], [217], [225], [243], [254], [266], [278], [290], [301], [312], [325], [335], [347]]
plastic bags [[12], [22], [34], [47], [56], [65], [76], [87], [99], [109], [120], [131], [143], [154], [165], [175], [187], [198], [208], [215], [236], [252], [263], [274], [285], [295], [306], [318], [329], [338], [350], [358]]
light bulbs [[10], [21], [32], [44], [56], [66], [76], [87], [100], [110], [122], [132], [144], [156], [166], [176], [189], [199], [211], [217], [225], [241], [254], [265], [277], [287], [299], [309], [321], [332], [342], [353], [363]]
box cutters [[6], [17], [29], [39], [54], [63], [74], [84], [95], [106], [118], [128], [140], [151], [163], [173], [184], [196], [207], [222], [233], [252], [263], [274], [285], [295], [306], [318], [329], [339], [350], [358]]
office chair [[7], [20], [32], [44], [58], [68], [78], [92], [103], [115], [127], [139], [151], [163], [174], [187], [198], [210], [217], [225], [243], [254], [266], [278], [290], [301], [312], [325], [335], [347]]
pens [[8], [20], [31], [42], [56], [65], [76], [86], [99], [109], [120], [131], [142], [154], [165], [175], [187], [198], [208], [215], [236], [252], [263], [274], [285], [296], [306], [318], [329], [339], [350], [358]]
printer paper [[7], [18], [30], [41], [55], [64], [76], [87], [99], [110], [122], [132], [144], [156], [167], [177], [190], [201], [212], [218], [227], [245], [255], [268], [278], [290], [301], [311], [324], [334], [345]]
blank badges [[9], [21], [31], [43], [56], [65], [76], [87], [99], [109], [120], [131], [142], [153], [165], [175], [187], [198], [208], [215], [236], [252], [263], [274], [285], [295], [306], [318], [329], [339], [350], [358]]
scanner batt [[12], [23], [36], [50], [59], [70], [80], [93], [103], [115], [127], [138], [150], [161], [172], [184], [196], [207], [222], [233], [253], [264], [276], [287], [299], [309], [321], [332], [343], [354]]
meat trays [[10], [21], [32], [43], [56], [65], [76], [87], [99], [109], [121], [131], [143], [154], [165], [175], [187], [198], [209], [216], [223], [237], [253], [263], [275], [285], [296], [307], [318], [329], [339], [350], [358]]
produce bags [[8], [20], [31], [42], [56], [65], [76], [87], [99], [109], [121], [132], [143], [155], [166], [175], [188], [198], [210], [216], [223], [238], [253], [263], [275], [286], [297], [308], [319], [330], [341], [352], [360]]
soap [[11], [22], [33], [46], [56], [65], [76], [87], [100], [110], [122], [132], [143], [155], [166], [176], [189], [199], [211], [217], [225], [241], [254], [265], [276], [287], [299], [309], [320], [331], [342], [353], [362]]
