toilet paper [[13], [25], [37], [51], [60], [71], [81], [93], [104], [116], [128], [140], [151], [163], [173], [185], [197], [208], [215], [236], [253], [263], [276], [286], [298], [309], [320], [331], [342], [353], [363]]
paper towel [[8], [20], [31], [42], [56], [65], [76], [87], [100], [110], [121], [132], [143], [155], [166], [176], [189], [199], [211], [217], [225], [241], [254], [265], [277], [287], [299], [309], [321], [332], [342], [353], [362]]
cleaner [[20], [32], [49], [60], [71], [83], [96], [108], [121], [133], [146], [158], [171], [183], [197], [209], [216], [224], [242], [255], [268], [280], [293], [304], [318], [330], [342], [353], [364]]
plastic bags [[9], [21], [31], [43], [56], [65], [76], [87], [99], [109], [120], [131], [142], [153], [165], [174], [187], [198], [208], [215], [236], [252], [263], [274], [285], [295], [306], [318], [329], [338], [350], [358]]
light bulbs [[7], [19], [31], [41], [55], [65], [76], [87], [99], [109], [121], [132], [143], [155], [166], [175], [188], [199], [210], [216], [224], [239], [254], [264], [276], [287], [298], [309], [320], [331], [342], [353], [362]]
box cutters [[10], [21], [33], [45], [56], [65], [76], [87], [99], [109], [121], [132], [143], [155], [166], [175], [188], [199], [210], [216], [224], [239], [253], [264], [276], [286], [297], [308], [319], [331], [341], [352], [361]]
office chair [[12], [23], [37], [52], [61], [73], [84], [96], [108], [120], [132], [144], [157], [168], [180], [192], [205], [214], [221], [231], [254], [266], [278], [290], [302], [312], [326], [336], [348], [357]]
pens [[7], [19], [30], [40], [55], [63], [75], [86], [97], [108], [119], [130], [142], [152], [164], [174], [186], [197], [207], [215], [222], [234], [253], [263], [274], [285], [296], [307], [318], [329], [339], [351], [358]]
printer paper [[13], [24], [37], [52], [61], [72], [83], [95], [106], [118], [129], [141], [153], [165], [175], [188], [199], [211], [217], [225], [243], [254], [266], [277], [288], [301], [311], [324], [334], [345]]
blank badges [[14], [24], [37], [50], [59], [69], [79], [91], [102], [112], [124], [134], [146], [157], [168], [178], [190], [201], [212], [218], [226], [244], [255], [266], [277], [288], [299], [309], [321], [332], [342], [353], [362]]
scanner batt [[12], [23], [36], [50], [59], [70], [80], [93], [103], [115], [127], [138], [150], [161], [172], [184], [196], [207], [222], [233], [253], [264], [276], [287], [299], [309], [321], [332], [343], [354]]
meat trays [[11], [22], [33], [45], [56], [65], [76], [87], [99], [109], [120], [131], [142], [154], [165], [175], [187], [198], [208], [215], [236], [252], [263], [274], [285], [295], [306], [318], [329], [338], [350], [358]]
produce bags [[8], [20], [31], [42], [56], [65], [76], [87], [99], [109], [121], [132], [143], [155], [166], [175], [188], [198], [210], [216], [223], [238], [253], [263], [275], [286], [297], [308], [319], [330], [341], [352], [360]]
soap [[11], [22], [33], [46], [56], [65], [76], [87], [100], [110], [122], [132], [143], [155], [166], [176], [189], [199], [211], [217], [225], [241], [254], [265], [276], [287], [299], [309], [320], [331], [342], [353], [362]]
