toilet paper [[9], [20], [33], [44], [55], [67], [77], [89], [100], [111], [123], [133], [145], [157], [168], [179], [191], [202], [213], [219], [224], [230], [242], [253], [265], [277], [288], [300], [311], [322], [334], [344], [354], [361]]
paper towel [[11], [22], [34], [45], [56], [68], [78], [90], [102], [112], [124], [135], [146], [158], [170], [180], [192], [204], [214], [220], [225], [232], [243], [255], [267], [278], [290], [302], [313], [325], [335], [345], [355], [363]]
cleaner [[8], [20], [33], [45], [56], [68], [80], [91], [116], [128], [139], [152], [164], [175], [187], [200], [212], [218], [242], [254], [266], [278], [291], [303], [314], [327], [338], [348], [356]]
plastic bags [[13], [25], [36], [47], [59], [70], [81], [92], [103], [114], [125], [136], [147], [159], [171], [181], [193], [204], [214], [220], [226], [232], [244], [256], [267], [278], [290], [301], [312], [324], [334], [345], [354], [362]]
light bulbs [[11], [23], [34], [46], [57], [68], [79], [90], [102], [112], [124], [135], [146], [159], [170], [181], [193], [204], [214], [220], [226], [232], [244], [256], [267], [279], [291], [302], [313], [325], [335], [346], [355], [363]]
box cutters [[15], [27], [39], [49], [61], [73], [83], [95], [105], [117], [129], [139], [151], [163], [173], [185], [197], [208], [216], [222], [228], [236], [248], [260], [271], [283], [295], [306], [317], [329], [339], [349], [357]]
office chair [[8], [20], [33], [45], [56], [68], [80], [91], [116], [128], [139], [152], [164], [175], [187], [200], [212], [218], [242], [254], [266], [278], [291], [303], [314], [327], [338], [348], [356]]
pens [[11], [22], [34], [45], [56], [68], [78], [89], [101], [111], [123], [133], [145], [157], [168], [179], [190], [202], [213], [219], [224], [230], [242], [253], [264], [276], [287], [299], [310], [321], [332], [343], [353], [360]]
printer paper [[8], [20], [32], [43], [54], [66], [76], [88], [99], [110], [121], [132], [144], [155], [167], [178], [189], [201], [213], [218], [224], [241], [252], [264], [276], [287], [299], [310], [321], [333], [343], [353], [360]]
blank badges [[12], [23], [34], [46], [57], [68], [79], [90], [102], [112], [124], [134], [146], [158], [169], [180], [191], [202], [219], [225], [230], [242], [254], [265], [277], [289], [300], [311], [322], [333], [344], [353], [361]]
scanner batt [[12], [25], [36], [47], [60], [72], [82], [94], [104], [117], [129], [139], [152], [164], [175], [187], [199], [211], [217], [223], [229], [240], [251], [264], [276], [287], [300], [311], [323], [334], [345], [363]]
meat trays [[12], [23], [34], [46], [57], [68], [79], [90], [102], [112], [124], [134], [146], [158], [169], [180], [191], [202], [219], [225], [230], [242], [254], [265], [277], [288], [300], [311], [322], [333], [344], [353], [360]]
produce bags [[9], [20], [32], [44], [55], [67], [76], [88], [100], [110], [122], [132], [144], [156], [167], [178], [189], [201], [213], [218], [224], [241], [252], [264], [276], [287], [299], [310], [321], [332], [342], [353], [360]]
soap [[11], [23], [34], [46], [57], [68], [79], [90], [102], [112], [124], [135], [146], [159], [170], [181], [193], [204], [214], [220], [226], [232], [244], [256], [267], [279], [291], [302], [313], [325], [335], [346], [355], [363]]
